#============================================================================
# Opacities computed by OpTool        <a^n>=  1.0001E-1  1.0001E-1  1.0002E-1
# Method:   CDE
# Parameters:
#   amin [um]=      0.050 amax [um]=      0.150  na  =  100    norm=0.1000:-0.1000E-1
#   lmin [um]=      0.050 lmax [um]=  10000.000  nlam=  300    nang=   180
#   porosity =      0.000 p_mantle =      0.000  fmax= 0.80    chop=   0.0
# Composition:
#  Where   mfrac  rho   Material
#  -----   -----  ----  -----------------------------------------------------
#  core    1.000  3.20  ./Dorschner1995_A_olivine.dat
#  - - -   - - -  -  -  - - - - - - - - - - - - - - - - - - - - - - - - - - -
#  grain   1.000  3.20  mixture of  1 materials
#----------------------------------------------------------------------------
# Command: optool -c ./Dorschner1995_A_olivine.dat 1.0 3.2 -a 0.05 0.15 \
#   0.10:-0.01 100 -cde
#============================================================================
# Standard output file, no scattering matrix
#    iformat
#    nlambda
#    lambda[um]  kabs [cm^2/g]  ksca [cm^2/g]    g_asymmetry
#============================================================================
#           3
#         300
   5.000000E-02   1.866602E+05   3.294718E+08   1.527860E-05
   5.208338E-02   1.791936E+05   2.798347E+08   1.527860E-05
   5.425358E-02   1.720257E+05   2.376757E+08   1.527860E-05
   5.651420E-02   1.651445E+05   2.018682E+08   1.527860E-05
   5.886902E-02   1.585386E+05   1.714554E+08   1.527860E-05
   6.132195E-02   1.521969E+05   1.456245E+08   1.527860E-05
   6.387710E-02   1.461088E+05   1.236852E+08   1.527860E-05
   6.653871E-02   1.402644E+05   1.050511E+08   1.527860E-05
   6.931123E-02   1.346536E+05   8.922447E+07   1.527860E-05
   7.219927E-02   1.292674E+05   7.578220E+07   1.527860E-05
   7.520764E-02   1.240966E+05   6.436510E+07   1.527860E-05
   7.834137E-02   1.191326E+05   5.466806E+07   1.527860E-05
   8.160568E-02   1.143672E+05   4.643194E+07   1.527860E-05
   8.500600E-02   1.097924E+05   3.943665E+07   1.527860E-05
   8.854800E-02   1.054006E+05   3.349525E+07   1.527860E-05
   9.223759E-02   1.011844E+05   2.844897E+07   1.527860E-05
   9.608092E-02   9.713697E+04   2.416293E+07   1.527860E-05
   1.000844E-01   9.325140E+04   2.052262E+07   1.527860E-05
   1.042547E-01   8.952125E+04   1.743075E+07   1.527860E-05
   1.085987E-01   8.594032E+04   1.480469E+07   1.527860E-05
   1.131238E-01   8.250262E+04   1.257426E+07   1.527860E-05
   1.178374E-01   7.920244E+04   1.067986E+07   1.527860E-05
   1.227474E-01   7.603427E+04   9.070870E+06   1.527860E-05
   1.278620E-01   7.299282E+04   7.704282E+06   1.527860E-05
   1.331897E-01   7.007304E+04   6.543579E+06   1.527860E-05
   1.387394E-01   6.727005E+04   5.557745E+06   1.527860E-05
   1.445204E-01   6.457919E+04   4.720432E+06   1.527860E-05
   1.505422E-01   6.199596E+04   4.009267E+06   1.527860E-05
   1.568150E-01   5.951606E+04   3.405244E+06   1.527860E-05
   1.633491E-01   5.713536E+04   2.892221E+06   1.527860E-05
   1.701555E-01   5.484989E+04   2.456488E+06   1.527860E-05
   1.772455E-01   5.265585E+04   2.086401E+06   1.527860E-05
   1.846309E-01   5.054956E+04   1.772071E+06   1.527860E-05
   1.923240E-01   4.852753E+04   1.505096E+06   1.527860E-05
   2.003377E-01   4.658638E+04   1.278343E+06   1.527860E-05
   2.086853E-01   4.472288E+04   1.085752E+06   1.527860E-05
   2.173808E-01   4.293393E+04   9.221762E+05   1.527860E-05
   2.264385E-01   4.153300E+04   8.031817E+05   1.527860E-05
   2.358737E-01   4.030473E+04   7.066630E+05   1.527860E-05
   2.457020E-01   3.846046E+04   6.178025E+05   1.527860E-05
   2.559398E-01   3.624727E+04   5.378005E+05   1.527860E-05
   2.666043E-01   3.391761E+04   4.660812E+05   1.527860E-05
   2.777131E-01   3.159508E+04   4.029791E+05   1.527860E-05
   2.892847E-01   2.924384E+04   3.477762E+05   1.527860E-05
   3.013385E-01   2.698907E+04   3.000537E+05   1.527860E-05
   3.138946E-01   2.464915E+04   2.580609E+05   1.527860E-05
   3.269739E-01   2.233076E+04   2.214652E+05   1.527860E-05
   3.405981E-01   2.007383E+04   1.897129E+05   1.527860E-05
   3.547901E-01   1.783031E+04   1.613551E+05   1.527860E-05
   3.695734E-01   1.575306E+04   1.368706E+05   1.527860E-05
   3.849726E-01   1.385832E+04   1.157590E+05   1.527860E-05
   4.010136E-01   1.215746E+04   9.756892E+04   1.527860E-05
   4.177229E-01   1.066792E+04   8.205391E+04   1.527860E-05
   4.351284E-01   9.372146E+03   6.885898E+04   1.527860E-05
   4.532592E-01   8.241924E+03   5.779464E+04   1.527860E-05
   4.721455E-01   7.275638E+03   4.848851E+04   1.527860E-05
   4.918187E-01   6.422564E+03   4.070340E+04   1.527860E-05
   5.123117E-01   5.701107E+03   3.415089E+04   1.527860E-05
   5.336585E-01   5.079794E+03   2.864325E+04   1.527860E-05
   5.558948E-01   4.538164E+03   2.403791E+04   1.527860E-05
   5.790577E-01   4.084762E+03   2.019579E+04   1.527860E-05
   6.031857E-01   3.682280E+03   1.697257E+04   1.527860E-05
   6.283191E-01   3.353748E+03   1.427920E+04   1.527860E-05
   6.544997E-01   3.062431E+03   1.201339E+04   1.527860E-05
   6.817712E-01   2.832208E+03   1.010486E+04   1.527860E-05
   7.101790E-01   2.634624E+03   8.506621E+03   1.527860E-05
   7.397705E-01   2.477113E+03   7.171957E+03   1.527860E-05
   7.705951E-01   2.355594E+03   6.049957E+03   1.527860E-05
   8.027040E-01   2.257449E+03   5.106314E+03   1.527860E-05
   8.361508E-01   2.211759E+03   4.323733E+03   1.527860E-05
   8.709913E-01   2.166993E+03   3.661125E+03   1.527860E-05
   9.072835E-01   2.129964E+03   3.103389E+03   1.527860E-05
   9.450879E-01   2.121084E+03   2.642082E+03   1.527860E-05
   9.844676E-01   2.112239E+03   2.249442E+03   1.527860E-05
   1.025488E+00   2.095304E+03   1.923443E+03   1.527860E-05
   1.068218E+00   2.073502E+03   1.649086E+03   1.527860E-05
   1.112728E+00   2.038570E+03   1.415295E+03   1.527860E-05
   1.159093E+00   1.971152E+03   1.217735E+03   1.527860E-05
   1.207389E+00   1.898251E+03   1.047904E+03   1.527860E-05
   1.257699E+00   1.786670E+03   9.027272E+02   1.527860E-05
   1.310104E+00   1.673885E+03   7.772572E+02   1.527860E-05
   1.364693E+00   1.537548E+03   6.678592E+02   1.527860E-05
   1.421557E+00   1.402196E+03   5.733041E+02   1.527860E-05
   1.480790E+00   1.263486E+03   4.913534E+02   1.527860E-05
   1.542491E+00   1.128235E+03   4.203775E+02   1.527860E-05
   1.606763E+00   1.002147E+03   3.593215E+02   1.527860E-05
   1.673713E+00   8.816147E+02   3.066611E+02   1.527860E-05
   1.743453E+00   7.712029E+02   2.615619E+02   1.527860E-05
   1.816098E+00   6.719675E+02   2.229245E+02   1.527860E-05
   1.891771E+00   5.845711E+02   1.897140E+02   1.527860E-05
   1.970597E+00   5.014647E+02   1.613998E+02   1.527860E-05
   2.052707E+00   4.230645E+02   1.369997E+02   1.527860E-05
   2.138239E+00   3.538868E+02   1.161467E+02   1.527860E-05
   2.227334E+00   2.946918E+02   9.836562E+01   1.527860E-05
   2.320142E+00   2.428658E+02   8.309737E+01   1.527860E-05
   2.416817E+00   2.024723E+02   7.022826E+01   1.527860E-05
   2.517520E+00   1.784860E+02   5.945970E+01   1.527860E-05
   2.622419E+00   1.582327E+02   5.032311E+01   1.527860E-05
   2.731690E+00   1.432854E+02   4.252809E+01   1.527860E-05
   2.845513E+00   1.311088E+02   3.593251E+01   1.527860E-05
   2.964079E+00   1.218967E+02   3.034944E+01   1.527860E-05
   3.087585E+00   1.129373E+02   2.558714E+01   1.527860E-05
   3.216238E+00   1.044837E+02   2.155533E+01   1.527860E-05
   3.350251E+00   9.666275E+01   1.815846E+01   1.527860E-05
   3.489848E+00   8.942709E+01   1.529658E+01   1.527860E-05
   3.635262E+00   8.292550E+01   1.289430E+01   1.527860E-05
   3.786735E+00   7.691021E+01   1.086968E+01   1.527860E-05
   3.944520E+00   7.133118E+01   9.162793E+00   1.527860E-05
   4.108879E+00   6.687077E+01   7.707563E+00   1.527860E-05
   4.280086E+00   6.304011E+01   6.476137E+00   1.527860E-05
   4.458427E+00   5.942876E+01   5.441250E+00   1.527860E-05
   4.644200E+00   5.754107E+01   4.533393E+00   1.527860E-05
   4.837713E+00   5.615257E+01   3.767172E+00   1.527860E-05
   5.039289E+00   5.498697E+01   3.127698E+00   1.527860E-05
   5.249265E+00   5.463596E+01   2.588347E+00   1.527860E-05
   5.467990E+00   5.428651E+01   2.141526E+00   1.527860E-05
   5.695828E+00   5.244298E+01   1.752892E+00   1.527860E-05
   5.933160E+00   5.042362E+01   1.431571E+00   1.527860E-05
   6.180382E+00   4.851155E+01   1.161498E+00   1.527860E-05
   6.437904E+00   4.668144E+01   9.395086E-01   1.527860E-05
   6.706156E+00   4.663736E+01   7.429309E-01   1.527860E-05
   6.985587E+00   4.713000E+01   5.823817E-01   1.527860E-05
   7.276660E+00   4.951549E+01   4.421246E-01   1.527860E-05
   7.579862E+00   5.488451E+01   3.250679E-01   1.527860E-05
   7.895697E+00   7.047267E+01   2.191124E-01   1.527860E-05
   8.224692E+00   1.371303E+02   1.277854E-01   1.527860E-05
   8.567396E+00   4.946843E+02   6.271697E-02   1.527860E-05
   8.924380E+00   1.144749E+03   7.002341E-02   1.527860E-05
   9.296239E+00   2.046038E+03   1.762283E-01   1.527860E-05
   9.683591E+00   2.698268E+03   3.233761E-01   1.527860E-05
   1.008708E+01   2.880370E+03   4.284389E-01   1.527860E-05
   1.050739E+01   2.721785E+03   4.661712E-01   1.527860E-05
   1.094521E+01   2.313536E+03   4.491689E-01   1.527860E-05
   1.140127E+01   1.799494E+03   3.957930E-01   1.527860E-05
   1.187634E+01   1.152766E+03   3.029257E-01   1.527860E-05
   1.237119E+01   6.665176E+02   1.938363E-01   1.527860E-05
   1.288667E+01   4.765872E+02   1.159418E-01   1.527860E-05
   1.342363E+01   5.026434E+02   7.108641E-02   1.527860E-05
   1.398296E+01   6.049674E+02   5.011440E-02   1.527860E-05
   1.456560E+01   6.931243E+02   3.591849E-02   1.527860E-05
   1.517252E+01   8.516440E+02   2.589782E-02   1.527860E-05
   1.580472E+01   1.211437E+03   2.885734E-02   1.527860E-05
   1.646327E+01   1.625817E+03   4.391625E-02   1.527860E-05
   1.714925E+01   1.866376E+03   5.853833E-02   1.527860E-05
   1.786382E+01   1.950585E+03   6.773374E-02   1.527860E-05
   1.860817E+01   1.903360E+03   6.885429E-02   1.527860E-05
   1.938353E+01   1.809894E+03   6.527308E-02   1.527860E-05
   2.019119E+01   1.708989E+03   5.992727E-02   1.527860E-05
   2.103251E+01   1.602592E+03   5.368401E-02   1.527860E-05
   2.190889E+01   1.524193E+03   4.781221E-02   1.527860E-05
   2.282178E+01   1.466560E+03   4.357114E-02   1.527860E-05
   2.377272E+01   1.416729E+03   4.028119E-02   1.527860E-05
   2.476327E+01   1.348578E+03   3.726901E-02   1.527860E-05
   2.579510E+01   1.265311E+03   3.391540E-02   1.527860E-05
   2.686992E+01   1.176806E+03   3.055541E-02   1.527860E-05
   2.798953E+01   1.076480E+03   2.733361E-02   1.527860E-05
   2.915579E+01   9.782240E+02   2.416689E-02   1.527860E-05
   3.037064E+01   8.662876E+02   2.069823E-02   1.527860E-05
   3.163612E+01   7.650322E+02   1.753088E-02   1.527860E-05
   3.295432E+01   6.793885E+02   1.475971E-02   1.527860E-05
   3.432745E+01   6.058973E+02   1.238763E-02   1.527860E-05
   3.575780E+01   5.442254E+02   1.031711E-02   1.527860E-05
   3.724774E+01   4.888039E+02   8.729063E-03   1.527860E-05
   3.879977E+01   4.386291E+02   7.340948E-03   1.527860E-05
   4.041647E+01   3.958551E+02   6.132344E-03   1.527860E-05
   4.210053E+01   3.641975E+02   5.158286E-03   1.527860E-05
   4.385476E+01   3.350473E+02   4.343083E-03   1.527860E-05
   4.568209E+01   3.094000E+02   3.668049E-03   1.527860E-05
   4.758556E+01   2.875968E+02   3.111560E-03   1.527860E-05
   4.956834E+01   2.673209E+02   2.640735E-03   1.527860E-05
   5.163374E+01   2.430127E+02   2.241750E-03   1.527860E-05
   5.378519E+01   2.195762E+02   1.905406E-03   1.527860E-05
   5.602630E+01   1.999470E+02   1.618017E-03   1.527860E-05
   5.836079E+01   1.837993E+02   1.371351E-03   1.527860E-05
   6.079255E+01   1.683250E+02   1.161824E-03   1.527860E-05
   6.332563E+01   1.529458E+02   9.830420E-04   1.527860E-05
   6.596427E+01   1.396921E+02   8.322373E-04   1.527860E-05
   6.871284E+01   1.287680E+02   7.047242E-04   1.527860E-05
   7.157595E+01   1.186866E+02   5.966100E-04   1.527860E-05
   7.455836E+01   1.093853E+02   5.049982E-04   1.527860E-05
   7.766503E+01   1.008841E+02   4.275886E-04   1.527860E-05
   8.090115E+01   9.302421E+01   3.621246E-04   1.527860E-05
   8.427212E+01   8.570419E+01   3.067341E-04   1.527860E-05
   8.778354E+01   7.895900E+01   2.598708E-04   1.527860E-05
   9.144128E+01   7.274368E+01   2.202102E-04   1.527860E-05
   9.525143E+01   6.701675E+01   1.866360E-04   1.527860E-05
   9.922034E+01   6.173998E+01   1.582069E-04   1.527860E-05
   1.033546E+02   5.690102E+01   1.341311E-04   1.527860E-05
   1.076612E+02   5.244584E+01   1.137353E-04   1.527860E-05
   1.121472E+02   4.833905E+01   9.645319E-05   1.527860E-05
   1.168201E+02   4.455348E+01   8.180675E-05   1.527860E-05
   1.216877E+02   4.106406E+01   6.939193E-05   1.527860E-05
   1.267581E+02   3.784767E+01   5.886708E-05   1.527860E-05
   1.320399E+02   3.488298E+01   4.994320E-05   1.527860E-05
   1.375417E+02   3.215033E+01   4.237575E-05   1.527860E-05
   1.432727E+02   2.963159E+01   3.595778E-05   1.527860E-05
   1.492426E+02   2.731004E+01   3.051406E-05   1.527860E-05
   1.554611E+02   2.517025E+01   2.589622E-05   1.527860E-05
   1.619389E+02   2.319803E+01   2.197859E-05   1.527860E-05
   1.686865E+02   2.138025E+01   1.865470E-05   1.527860E-05
   1.757153E+02   1.970484E+01   1.583432E-05   1.527860E-05
   1.830369E+02   1.816066E+01   1.344101E-05   1.527860E-05
   1.906636E+02   1.673744E+01   1.140996E-05   1.527860E-05
   1.986081E+02   1.542571E+01   9.686217E-06   1.527860E-05
   2.068837E+02   1.421314E+01   8.223180E-06   1.527860E-05
   2.155041E+02   1.309517E+01   6.981370E-06   1.527860E-05
   2.244836E+02   1.206510E+01   5.927286E-06   1.527860E-05
   2.338373E+02   1.111604E+01   5.032507E-06   1.527860E-05
   2.435808E+02   1.024162E+01   4.272922E-06   1.527860E-05
   2.537302E+02   9.435960E+00   3.628080E-06   1.527860E-05
   2.643026E+02   8.693666E+00   3.080627E-06   1.527860E-05
   2.753155E+02   8.009754E+00   2.615838E-06   1.527860E-05
   2.867872E+02   7.379633E+00   2.221219E-06   1.527860E-05
   2.987370E+02   6.799075E+00   1.886166E-06   1.527860E-05
   3.111847E+02   6.264182E+00   1.601681E-06   1.527860E-05
   3.241510E+02   5.771364E+00   1.360125E-06   1.527860E-05
   3.376577E+02   5.317312E+00   1.155017E-06   1.527860E-05
   3.517271E+02   4.898977E+00   9.808517E-07   1.527860E-05
   3.663827E+02   4.513550E+00   8.329594E-07   1.527860E-05
   3.816491E+02   4.158443E+00   7.073742E-07   1.527860E-05
   3.975515E+02   3.831273E+00   6.007299E-07   1.527860E-05
   4.141166E+02   3.529840E+00   5.101682E-07   1.527860E-05
   4.313719E+02   3.252121E+00   4.332628E-07   1.527860E-05
   4.493461E+02   2.996251E+00   3.679536E-07   1.527860E-05
   4.680693E+02   2.760510E+00   3.124913E-07   1.527860E-05
   4.875727E+02   2.543316E+00   2.653908E-07   1.527860E-05
   5.078888E+02   2.343210E+00   2.253910E-07   1.527860E-05
   5.290513E+02   2.158847E+00   1.914211E-07   1.527860E-05
   5.510957E+02   1.988989E+00   1.625719E-07   1.527860E-05
   5.740585E+02   1.832495E+00   1.380713E-07   1.527860E-05
   5.979782E+02   1.688313E+00   1.172636E-07   1.527860E-05
   6.228946E+02   1.555475E+00   9.959206E-08   1.527860E-05
   6.488492E+02   1.433088E+00   8.458397E-08   1.527860E-05
   6.758853E+02   1.320331E+00   7.183780E-08   1.527860E-05
   7.040478E+02   1.216445E+00   6.101258E-08   1.527860E-05
   7.333839E+02   1.120733E+00   5.181877E-08   1.527860E-05
   7.639423E+02   1.032552E+00   4.401047E-08   1.527860E-05
   7.957740E+02   9.513086E-01   3.737886E-08   1.527860E-05
   8.289321E+02   8.764575E-01   3.174659E-08   1.527860E-05
   8.634718E+02   8.074957E-01   2.696306E-08   1.527860E-05
   8.994507E+02   7.439599E-01   2.290035E-08   1.527860E-05
   9.369287E+02   6.854232E-01   1.944983E-08   1.527860E-05
   9.759684E+02   6.314923E-01   1.651925E-08   1.527860E-05
   1.016635E+03   5.818047E-01   1.403025E-08   1.527860E-05
   1.058996E+03   5.360266E-01   1.191630E-08   1.527860E-05
   1.103121E+03   4.938504E-01   1.012087E-08   1.527860E-05
   1.149086E+03   4.549927E-01   8.595966E-09   1.527860E-05
   1.196966E+03   4.191925E-01   7.300828E-09   1.527860E-05
   1.246841E+03   3.862091E-01   6.200832E-09   1.527860E-05
   1.298794E+03   3.558209E-01   5.266575E-09   1.527860E-05
   1.352911E+03   3.278237E-01   4.473083E-09   1.527860E-05
   1.409284E+03   3.020294E-01   3.799146E-09   1.527860E-05
   1.468006E+03   2.782647E-01   3.226751E-09   1.527860E-05
   1.529174E+03   2.563699E-01   2.740596E-09   1.527860E-05
   1.592891E+03   2.361978E-01   2.327690E-09   1.527860E-05
   1.659263E+03   2.176129E-01   1.976994E-09   1.527860E-05
   1.728401E+03   2.004904E-01   1.679135E-09   1.527860E-05
   1.800420E+03   1.847150E-01   1.426154E-09   1.527860E-05
   1.875439E+03   1.701810E-01   1.211288E-09   1.527860E-05
   1.953584E+03   1.567905E-01   1.028794E-09   1.527860E-05
   2.034985E+03   1.444537E-01   8.737950E-10   1.527860E-05
   2.119779E+03   1.330875E-01   7.421487E-10   1.527860E-05
   2.208105E+03   1.226157E-01   6.303365E-10   1.527860E-05
   2.300112E+03   1.129678E-01   5.353701E-10   1.527860E-05
   2.395952E+03   1.040791E-01   4.547115E-10   1.527860E-05
   2.495786E+03   9.588976E-02   3.862049E-10   1.527860E-05
   2.599779E+03   8.834479E-02   3.280196E-10   1.527860E-05
   2.708106E+03   8.139348E-02   2.786005E-10   1.527860E-05
   2.820947E+03   7.498913E-02   2.366269E-10   1.527860E-05
   2.938489E+03   6.908870E-02   2.009770E-10   1.527860E-05
   3.060929E+03   6.365253E-02   1.706981E-10   1.527860E-05
   3.188471E+03   5.864411E-02   1.449810E-10   1.527860E-05
   3.321327E+03   5.402976E-02   1.231384E-10   1.527860E-05
   3.459719E+03   4.977849E-02   1.045866E-10   1.527860E-05
   3.603878E+03   4.586172E-02   8.882980E-11   1.527860E-05
   3.754043E+03   4.225315E-02   7.544688E-11   1.527860E-05
   3.910466E+03   3.892850E-02   6.408022E-11   1.527860E-05
   4.073406E+03   3.586546E-02   5.442604E-11   1.527860E-05
   4.243135E+03   3.304342E-02   4.622633E-11   1.527860E-05
   4.419937E+03   3.044344E-02   3.926199E-11   1.527860E-05
   4.604105E+03   2.804803E-02   3.334687E-11   1.527860E-05
   4.795948E+03   2.584110E-02   2.832291E-11   1.527860E-05
   4.995784E+03   2.380782E-02   2.405586E-11   1.527860E-05
   5.203947E+03   2.193453E-02   2.043166E-11   1.527860E-05
   5.420783E+03   2.020863E-02   1.735348E-11   1.527860E-05
   5.646655E+03   1.861854E-02   1.473905E-11   1.527860E-05
   5.881938E+03   1.715356E-02   1.251851E-11   1.527860E-05
   6.127025E+03   1.580385E-02   1.063251E-11   1.527860E-05
   6.382324E+03   1.456034E-02   9.030642E-12   1.527860E-05
   6.648260E+03   1.341467E-02   7.670111E-12   1.527860E-05
   6.925278E+03   1.235915E-02   6.514554E-12   1.527860E-05
   7.213839E+03   1.138669E-02   5.533090E-12   1.527860E-05
   7.514423E+03   1.049074E-02   4.699491E-12   1.527860E-05
   7.827531E+03   9.665284E-03   3.991479E-12   1.527860E-05
   8.153687E+03   8.904781E-03   3.390135E-12   1.527860E-05
   8.493432E+03   8.204117E-03   2.879387E-12   1.527860E-05
   8.847334E+03   7.558585E-03   2.445587E-12   1.527860E-05
   9.215982E+03   6.963845E-03   2.077143E-12   1.527860E-05
   9.599990E+03   6.415902E-03   1.764207E-12   1.527860E-05
   1.000000E+04   5.911074E-03   1.498417E-12   1.527860E-05
