# wavelength(mic), abs_k(a=0.01mic), abs_k(a=0.1mic), abs_k(a=1mic)
2.0180e-03	9.4601e+03	7.7173e+03	2.1422e+03
2.0336e-03	9.6064e+03	7.8122e+03	2.1455e+03
2.0494e-03	9.7597e+03	7.9114e+03	2.1488e+03
2.0652e-03	9.9210e+03	8.0151e+03	2.1519e+03
2.0812e-03	1.0080e+04	8.1154e+03	2.1545e+03
2.0973e-03	1.0240e+04	8.2172e+03	2.1578e+03
2.1136e-03	1.0403e+04	8.3203e+03	2.1618e+03
2.1299e-03	1.0560e+04	8.4188e+03	2.1638e+03
2.1464e-03	1.0719e+04	8.5181e+03	2.1662e+03
2.1630e-03	1.0881e+04	8.6181e+03	2.1692e+03
2.1798e-03	1.1044e+04	8.7175e+03	2.1707e+03
2.1967e-03	1.1209e+04	8.8176e+03	2.1728e+03
2.2137e-03	1.1377e+04	8.9182e+03	2.1754e+03
2.2308e-03	1.1535e+04	9.0142e+03	2.1773e+03
2.2481e-03	1.1696e+04	9.1111e+03	2.1790e+03
2.2655e-03	1.1860e+04	9.2088e+03	2.1806e+03
2.2830e-03	1.2032e+04	9.3074e+03	2.1831e+03
2.3007e-03	1.2207e+04	9.4084e+03	2.1854e+03
2.3185e-03	1.1952e+04	9.2172e+03	2.1712e+03
2.3364e-03	6.9514e+03	5.7983e+03	1.9791e+03
2.3545e-03	4.8980e+03	4.4008e+03	1.9035e+03
2.3728e-03	4.9850e+03	4.4713e+03	1.9125e+03
2.3911e-03	5.0720e+03	4.5401e+03	1.9204e+03
2.4096e-03	5.1629e+03	4.6121e+03	1.9292e+03
2.4283e-03	5.2570e+03	4.6866e+03	1.9387e+03
2.4471e-03	5.3548e+03	4.7630e+03	1.9467e+03
2.4660e-03	5.4551e+03	4.8410e+03	1.9552e+03
2.4851e-03	5.5558e+03	4.9192e+03	1.9637e+03
2.5044e-03	5.6446e+03	4.9887e+03	1.9707e+03
2.5238e-03	5.7390e+03	5.0624e+03	1.9781e+03
2.5433e-03	5.8378e+03	5.1393e+03	1.9857e+03
2.5630e-03	5.9417e+03	5.2184e+03	1.9939e+03
2.5828e-03	6.0468e+03	5.2981e+03	2.0006e+03
2.6028e-03	6.1538e+03	5.3790e+03	2.0069e+03
2.6230e-03	6.2663e+03	5.4632e+03	2.0151e+03
2.6433e-03	6.3781e+03	5.5482e+03	2.0228e+03
2.6637e-03	6.4907e+03	5.6342e+03	2.0300e+03
2.6844e-03	6.6080e+03	5.7220e+03	2.0360e+03
2.7051e-03	6.7293e+03	5.8106e+03	2.0421e+03
2.7261e-03	6.8536e+03	5.9008e+03	2.0482e+03
2.7472e-03	6.9803e+03	5.9954e+03	2.0543e+03
2.7685e-03	7.1068e+03	6.0887e+03	2.0604e+03
2.7899e-03	7.2344e+03	6.1818e+03	2.0663e+03
2.8115e-03	7.3655e+03	6.2757e+03	2.0719e+03
2.8333e-03	7.4962e+03	6.3682e+03	2.0775e+03
2.8552e-03	7.6277e+03	6.4609e+03	2.0829e+03
2.8773e-03	7.7629e+03	6.5556e+03	2.0879e+03
2.8996e-03	7.8998e+03	6.6521e+03	2.0926e+03
2.9220e-03	8.0372e+03	6.7488e+03	2.0972e+03
2.9446e-03	8.1726e+03	6.8428e+03	2.1017e+03
2.9674e-03	8.3086e+03	6.9364e+03	2.1059e+03
2.9904e-03	8.4448e+03	7.0298e+03	2.1101e+03
3.0136e-03	8.5800e+03	7.1218e+03	2.1145e+03
3.0369e-03	8.7170e+03	7.2145e+03	2.1180e+03
3.0604e-03	8.8554e+03	7.3078e+03	2.1212e+03
3.0841e-03	8.9943e+03	7.4019e+03	2.1253e+03
3.1080e-03	9.1410e+03	7.4983e+03	2.1282e+03
3.1320e-03	9.2923e+03	7.5971e+03	2.1310e+03
3.1563e-03	9.4483e+03	7.6999e+03	2.1351e+03
3.1807e-03	9.6031e+03	7.8025e+03	2.1380e+03
3.2053e-03	9.7587e+03	7.9033e+03	2.1407e+03
3.2302e-03	9.9163e+03	7.9985e+03	2.1437e+03
3.2552e-03	1.0077e+04	8.1056e+03	2.1468e+03
3.2804e-03	1.0240e+04	8.2127e+03	2.1498e+03
3.3058e-03	1.0405e+04	8.3108e+03	2.1528e+03
3.3313e-03	1.0569e+04	8.4088e+03	2.1546e+03
3.3571e-03	1.0738e+04	8.5116e+03	2.1565e+03
3.3831e-03	1.0919e+04	8.6264e+03	2.1596e+03
3.4093e-03	1.1086e+04	8.7290e+03	2.1614e+03
3.4357e-03	1.1257e+04	8.8346e+03	2.1632e+03
3.4623e-03	1.1446e+04	8.9538e+03	2.1658e+03
3.4891e-03	1.1622e+04	9.0498e+03	2.1679e+03
3.5161e-03	1.1801e+04	9.1480e+03	2.1700e+03
3.5433e-03	1.1992e+04	9.2622e+03	2.1726e+03
3.5708e-03	1.2180e+04	9.3721e+03	2.1743e+03
3.5984e-03	1.2370e+04	9.4804e+03	2.1758e+03
3.6263e-03	1.2563e+04	9.5873e+03	2.1773e+03
3.6544e-03	1.2757e+04	9.7051e+03	2.1788e+03
3.6826e-03	1.2956e+04	9.8230e+03	2.1803e+03
3.7112e-03	1.3163e+04	9.9363e+03	2.1819e+03
3.7399e-03	1.3366e+04	1.0046e+04	2.1834e+03
3.7688e-03	1.3569e+04	1.0152e+04	2.1847e+03
3.7980e-03	1.3774e+04	1.0255e+04	2.1857e+03
3.8274e-03	1.3982e+04	1.0366e+04	2.1872e+03
3.8570e-03	1.4194e+04	1.0480e+04	2.1887e+03
3.8869e-03	1.4412e+04	1.0599e+04	2.1902e+03
3.9170e-03	1.4632e+04	1.0710e+04	2.1908e+03
3.9473e-03	1.4851e+04	1.0821e+04	2.1917e+03
3.9779e-03	1.5067e+04	1.0933e+04	2.1932e+03
4.0087e-03	1.5295e+04	1.1046e+04	2.1943e+03
4.0397e-03	1.5525e+04	1.1160e+04	2.1951e+03
4.0710e-03	1.5755e+04	1.1275e+04	2.1955e+03
4.1025e-03	1.5988e+04	1.1391e+04	2.1965e+03
4.1343e-03	1.6222e+04	1.1503e+04	2.1974e+03
4.1663e-03	1.6455e+04	1.1610e+04	2.1978e+03
4.1985e-03	1.6702e+04	1.1729e+04	2.1988e+03
4.2310e-03	1.6947e+04	1.1844e+04	2.2001e+03
4.2638e-03	1.7188e+04	1.1952e+04	2.2016e+03
4.2968e-03	1.7445e+04	1.2065e+04	2.2012e+03
4.3301e-03	1.7701e+04	1.2179e+04	2.2012e+03
4.3636e-03	1.7955e+04	1.2292e+04	2.2017e+03
4.3974e-03	1.8207e+04	1.2396e+04	2.2021e+03
4.4314e-03	1.8464e+04	1.2508e+04	2.2028e+03
4.4657e-03	1.8727e+04	1.2631e+04	2.2039e+03
4.5003e-03	1.8990e+04	1.2742e+04	2.2039e+03
4.5351e-03	1.9261e+04	1.2854e+04	2.2039e+03
4.5702e-03	1.9542e+04	1.2968e+04	2.2039e+03
4.6056e-03	1.9820e+04	1.3071e+04	2.2054e+03
4.6413e-03	2.0099e+04	1.3183e+04	2.2062e+03
4.6772e-03	2.0379e+04	1.3303e+04	2.2062e+03
4.7134e-03	2.0666e+04	1.3416e+04	2.2062e+03
4.7499e-03	2.0958e+04	1.3526e+04	2.2069e+03
4.7867e-03	2.1253e+04	1.3635e+04	2.2084e+03
4.8237e-03	2.1542e+04	1.3740e+04	2.2080e+03
4.8611e-03	2.1832e+04	1.3847e+04	2.2072e+03
4.8987e-03	2.2124e+04	1.3955e+04	2.2062e+03
4.9366e-03	2.2430e+04	1.4064e+04	2.2073e+03
4.9748e-03	2.2742e+04	1.4178e+04	2.2080e+03
5.0134e-03	2.3059e+04	1.4297e+04	2.2084e+03
5.0522e-03	2.3379e+04	1.4405e+04	2.2084e+03
5.0913e-03	2.3696e+04	1.4512e+04	2.2084e+03
5.1307e-03	2.4012e+04	1.4619e+04	2.2084e+03
5.1704e-03	2.4330e+04	1.4726e+04	2.2084e+03
5.2104e-03	2.4656e+04	1.4826e+04	2.2084e+03
5.2508e-03	2.4989e+04	1.4920e+04	2.2085e+03
5.2914e-03	2.5317e+04	1.5025e+04	2.2096e+03
5.3324e-03	2.5656e+04	1.5133e+04	2.2100e+03
5.3737e-03	2.6002e+04	1.5240e+04	2.2100e+03
5.4153e-03	2.6326e+04	1.5331e+04	2.2100e+03
5.4572e-03	2.6673e+04	1.5431e+04	2.2100e+03
5.4994e-03	2.7036e+04	1.5539e+04	2.2100e+03
5.5420e-03	2.7392e+04	1.5646e+04	2.2100e+03
5.5849e-03	2.7752e+04	1.5744e+04	2.2103e+03
5.6282e-03	2.8115e+04	1.5838e+04	2.2107e+03
5.6717e-03	2.8484e+04	1.5944e+04	2.2107e+03
5.7156e-03	2.8856e+04	1.6042e+04	2.2100e+03
5.7599e-03	2.9233e+04	1.6135e+04	2.2092e+03
5.8045e-03	2.9619e+04	1.6227e+04	2.2098e+03
5.8494e-03	3.0009e+04	1.6320e+04	2.2100e+03
5.8947e-03	3.0399e+04	1.6415e+04	2.2100e+03
5.9403e-03	3.0778e+04	1.6518e+04	2.2100e+03
5.9863e-03	3.1156e+04	1.6615e+04	2.2100e+03
6.0327e-03	3.1538e+04	1.6708e+04	2.2100e+03
6.0794e-03	3.1943e+04	1.6800e+04	2.2100e+03
6.1264e-03	3.2335e+04	1.6881e+04	2.2103e+03
6.1739e-03	3.2724e+04	1.6959e+04	2.2107e+03
6.2217e-03	3.3128e+04	1.7037e+04	2.2107e+03
6.2698e-03	3.3529e+04	1.7123e+04	2.2097e+03
6.3184e-03	3.3934e+04	1.7214e+04	2.2086e+03
6.3673e-03	3.4353e+04	1.7305e+04	2.2097e+03
6.4166e-03	3.4773e+04	1.7396e+04	2.2100e+03
6.4662e-03	3.5194e+04	1.7483e+04	2.2100e+03
6.5163e-03	3.5612e+04	1.7545e+04	2.2100e+03
6.5668e-03	3.6042e+04	1.7628e+04	2.2100e+03
6.6176e-03	3.6478e+04	1.7718e+04	2.2100e+03
6.6688e-03	3.6918e+04	1.7811e+04	2.2100e+03
6.7205e-03	3.7358e+04	1.7881e+04	2.2093e+03
6.7725e-03	3.7803e+04	1.7946e+04	2.2084e+03
6.8249e-03	3.8258e+04	1.8023e+04	2.2084e+03
6.8777e-03	3.8716e+04	1.8110e+04	2.2092e+03
6.9310e-03	3.9174e+04	1.8194e+04	2.2100e+03
6.9846e-03	3.9625e+04	1.8256e+04	2.2100e+03
7.0387e-03	4.0076e+04	1.8329e+04	2.2100e+03
7.0932e-03	4.0534e+04	1.8406e+04	2.2100e+03
7.1481e-03	4.1010e+04	1.8483e+04	2.2100e+03
7.2035e-03	4.1481e+04	1.8548e+04	2.2104e+03
7.2592e-03	4.1953e+04	1.8613e+04	2.2107e+03
7.3154e-03	4.2429e+04	1.8690e+04	2.2107e+03
7.3721e-03	4.1198e+04	1.8505e+04	2.2103e+03
7.4291e-03	4.0085e+04	1.8330e+04	2.2097e+03
7.4867e-03	4.0544e+04	1.8377e+04	2.2087e+03
7.5446e-03	4.1010e+04	1.8446e+04	2.2073e+03
7.6030e-03	4.1478e+04	1.8518e+04	2.2065e+03
7.6619e-03	4.1940e+04	1.8580e+04	2.2075e+03
7.7212e-03	4.2436e+04	1.8642e+04	2.2065e+03
7.7810e-03	4.2925e+04	1.8704e+04	2.2055e+03
7.8412e-03	4.3377e+04	1.8764e+04	2.2055e+03
7.9019e-03	4.3852e+04	1.8825e+04	2.2055e+03
7.9631e-03	4.4340e+04	1.8887e+04	2.2052e+03
8.0247e-03	4.4841e+04	1.8949e+04	2.2041e+03
8.0869e-03	4.5320e+04	1.9010e+04	2.2048e+03
8.1495e-03	4.5806e+04	1.9072e+04	2.2055e+03
8.2126e-03	4.6314e+04	1.9133e+04	2.2055e+03
8.2761e-03	4.6807e+04	1.9181e+04	2.2042e+03
8.3402e-03	4.7304e+04	1.9233e+04	2.2034e+03
8.4048e-03	4.7813e+04	1.9293e+04	2.2039e+03
8.4698e-03	4.8328e+04	1.9354e+04	2.2039e+03
8.5354e-03	4.8839e+04	1.9410e+04	2.2043e+03
8.6015e-03	4.9342e+04	1.9456e+04	2.2054e+03
8.6681e-03	4.9868e+04	1.9515e+04	2.2042e+03
8.7352e-03	5.0398e+04	1.9571e+04	2.2032e+03
8.8028e-03	5.0925e+04	1.9618e+04	2.2032e+03
8.8710e-03	5.1424e+04	1.9651e+04	2.2032e+03
8.9396e-03	5.1930e+04	1.9688e+04	2.2034e+03
9.0088e-03	5.2451e+04	1.9734e+04	2.2039e+03
9.0786e-03	5.2983e+04	1.9780e+04	2.2035e+03
9.1489e-03	5.3512e+04	1.9826e+04	2.2032e+03
9.2197e-03	5.4033e+04	1.9871e+04	2.2032e+03
9.2911e-03	5.4560e+04	1.9917e+04	2.2032e+03
9.3630e-03	5.5093e+04	1.9963e+04	2.2032e+03
9.4355e-03	5.5630e+04	2.0009e+04	2.2032e+03
9.5085e-03	5.6148e+04	2.0042e+04	2.2032e+03
9.5821e-03	5.6677e+04	2.0081e+04	2.2032e+03
9.6563e-03	5.7220e+04	2.0129e+04	2.2032e+03
9.7311e-03	5.7764e+04	2.0177e+04	2.2037e+03
9.8064e-03	5.8298e+04	2.0219e+04	2.2039e+03
9.8823e-03	5.8818e+04	2.0256e+04	2.2039e+03
9.9588e-03	5.9361e+04	2.0300e+04	2.2039e+03
1.0036e-02	5.9892e+04	2.0338e+04	2.2044e+03
1.0114e-02	6.0410e+04	2.0370e+04	2.2054e+03
1.0192e-02	6.0986e+04	2.0415e+04	2.2065e+03
1.0271e-02	6.1539e+04	2.0458e+04	2.2073e+03
1.0350e-02	6.2067e+04	2.0497e+04	2.2078e+03
1.0430e-02	6.2592e+04	2.0540e+04	2.2088e+03
1.0511e-02	6.3161e+04	2.0605e+04	2.2113e+03
1.0593e-02	6.3500e+04	2.0670e+04	2.2151e+03
1.0675e-02	5.5472e+04	2.0027e+04	2.2118e+03
1.0757e-02	5.1236e+04	1.9674e+04	2.2086e+03
1.0841e-02	5.1703e+04	1.9682e+04	2.2055e+03
1.0924e-02	5.2216e+04	1.9697e+04	2.2012e+03
1.1009e-02	5.2693e+04	1.9724e+04	2.1992e+03
1.1094e-02	5.3143e+04	1.9758e+04	2.1987e+03
1.1180e-02	5.3609e+04	1.9780e+04	2.1976e+03
1.1267e-02	5.4082e+04	1.9812e+04	2.1969e+03
1.1354e-02	5.4563e+04	1.9852e+04	2.1964e+03
1.1442e-02	5.5069e+04	1.9868e+04	2.1949e+03
1.1530e-02	5.5567e+04	1.9894e+04	2.1936e+03
1.1620e-02	5.6055e+04	1.9926e+04	2.1926e+03
1.1710e-02	5.6505e+04	1.9954e+04	2.1922e+03
1.1800e-02	5.6964e+04	1.9983e+04	2.1917e+03
1.1892e-02	5.7432e+04	2.0013e+04	2.1913e+03
1.1984e-02	5.7965e+04	2.0046e+04	2.1901e+03
1.2076e-02	5.8470e+04	2.0078e+04	2.1897e+03
1.2170e-02	5.8956e+04	2.0108e+04	2.1896e+03
1.2264e-02	5.9438e+04	2.0139e+04	2.1885e+03
1.2359e-02	5.9900e+04	2.0169e+04	2.1888e+03
1.2455e-02	6.0356e+04	2.0198e+04	2.1897e+03
1.2551e-02	6.0869e+04	2.0231e+04	2.1897e+03
1.2648e-02	6.1354e+04	2.0266e+04	2.1897e+03
1.2746e-02	6.1724e+04	2.0296e+04	2.1897e+03
1.2845e-02	6.0665e+04	2.0226e+04	2.1892e+03
1.2944e-02	6.0582e+04	2.0209e+04	2.1881e+03
1.3045e-02	6.1040e+04	2.0224e+04	2.1867e+03
1.3146e-02	6.1516e+04	2.0255e+04	2.1861e+03
1.3247e-02	6.1965e+04	2.0285e+04	2.1859e+03
1.3350e-02	6.2228e+04	2.0301e+04	2.1857e+03
1.3453e-02	6.0853e+04	2.0190e+04	2.1842e+03
1.3557e-02	6.0637e+04	2.0160e+04	2.1833e+03
1.3662e-02	6.1071e+04	2.0176e+04	2.1828e+03
1.3768e-02	6.1569e+04	2.0193e+04	2.1812e+03
1.3875e-02	6.2024e+04	2.0218e+04	2.1800e+03
1.3982e-02	6.2457e+04	2.0244e+04	2.1790e+03
1.4090e-02	6.2873e+04	2.0259e+04	2.1786e+03
1.4199e-02	6.3332e+04	2.0276e+04	2.1775e+03
1.4309e-02	6.3815e+04	2.0292e+04	2.1759e+03
1.4420e-02	6.4295e+04	2.0308e+04	2.1743e+03
1.4532e-02	6.4749e+04	2.0333e+04	2.1743e+03
1.4644e-02	6.5193e+04	2.0360e+04	2.1745e+03
1.4758e-02	6.5629e+04	2.0376e+04	2.1741e+03
1.4872e-02	6.6081e+04	2.0381e+04	2.1728e+03
1.4987e-02	6.6528e+04	2.0384e+04	2.1716e+03
1.5103e-02	6.6934e+04	2.0399e+04	2.1711e+03
1.5220e-02	6.7385e+04	2.0425e+04	2.1706e+03
1.5338e-02	6.7851e+04	2.0453e+04	2.1700e+03
1.5457e-02	6.8297e+04	2.0468e+04	2.1695e+03
1.5576e-02	6.8736e+04	2.0483e+04	2.1683e+03
1.5697e-02	6.9173e+04	2.0498e+04	2.1672e+03
1.5818e-02	6.9612e+04	2.0514e+04	2.1672e+03
1.5941e-02	7.0066e+04	2.0529e+04	2.1672e+03
1.6064e-02	7.0520e+04	2.0545e+04	2.1668e+03
1.6189e-02	7.0957e+04	2.0560e+04	2.1653e+03
1.6314e-02	7.1388e+04	2.0564e+04	2.1649e+03
1.6440e-02	7.1824e+04	2.0568e+04	2.1645e+03
1.6567e-02	7.2283e+04	2.0584e+04	2.1630e+03
1.6696e-02	7.2751e+04	2.0599e+04	2.1626e+03
1.6825e-02	7.3227e+04	2.0615e+04	2.1626e+03
1.6955e-02	7.3708e+04	2.0630e+04	2.1626e+03
1.7087e-02	7.4176e+04	2.0645e+04	2.1614e+03
1.7219e-02	7.4645e+04	2.0665e+04	2.1601e+03
1.7352e-02	7.5121e+04	2.0694e+04	2.1590e+03
1.7486e-02	7.5604e+04	2.0713e+04	2.1597e+03
1.7622e-02	7.6100e+04	2.0729e+04	2.1599e+03
1.7758e-02	7.6616e+04	2.0744e+04	2.1584e+03
1.7896e-02	7.7130e+04	2.0759e+04	2.1581e+03
1.8034e-02	7.7650e+04	2.0775e+04	2.1583e+03
1.8174e-02	7.8181e+04	2.0791e+04	2.1587e+03
1.8315e-02	7.8720e+04	2.0816e+04	2.1584e+03
1.8456e-02	7.9268e+04	2.0841e+04	2.1581e+03
1.8599e-02	7.9825e+04	2.0858e+04	2.1581e+03
1.8743e-02	8.0370e+04	2.0893e+04	2.1581e+03
1.8888e-02	7.9598e+04	2.0873e+04	2.1581e+03
1.9035e-02	7.6155e+04	2.0735e+04	2.1581e+03
1.9182e-02	7.6108e+04	2.0707e+04	2.1568e+03
1.9330e-02	7.6486e+04	2.0699e+04	2.1548e+03
1.9480e-02	7.6910e+04	2.0702e+04	2.1518e+03
1.9631e-02	7.7349e+04	2.0702e+04	2.1514e+03
1.9783e-02	7.7789e+04	2.0702e+04	2.1501e+03
1.9936e-02	7.8225e+04	2.0702e+04	2.1471e+03
2.0090e-02	7.8679e+04	2.0689e+04	2.1455e+03
2.0246e-02	7.9128e+04	2.0681e+04	2.1440e+03
2.0403e-02	7.9564e+04	2.0682e+04	2.1425e+03
2.0561e-02	8.0078e+04	2.0695e+04	2.1410e+03
2.0720e-02	8.0580e+04	2.0703e+04	2.1394e+03
2.0880e-02	8.1054e+04	2.0703e+04	2.1379e+03
2.1042e-02	8.1556e+04	2.0717e+04	2.1378e+03
2.1205e-02	8.2044e+04	2.0731e+04	2.1372e+03
2.1369e-02	8.2511e+04	2.0746e+04	2.1357e+03
2.1534e-02	8.3003e+04	2.0748e+04	2.1342e+03
2.1701e-02	8.3502e+04	2.0749e+04	2.1333e+03
2.1869e-02	8.4009e+04	2.0750e+04	2.1333e+03
2.2038e-02	8.4522e+04	2.0764e+04	2.1319e+03
2.2209e-02	8.5036e+04	2.0778e+04	2.1304e+03
2.2381e-02	8.5552e+04	2.0792e+04	2.1289e+03
2.2554e-02	8.6087e+04	2.0794e+04	2.1288e+03
2.2729e-02	8.6645e+04	2.0802e+04	2.1281e+03
2.2905e-02	8.7230e+04	2.0818e+04	2.1266e+03
2.3082e-02	8.6340e+04	2.0773e+04	2.1236e+03
2.3261e-02	8.6222e+04	2.0749e+04	2.1213e+03
2.3441e-02	8.6912e+04	2.0749e+04	2.1198e+03
2.3622e-02	8.7621e+04	2.0749e+04	2.1183e+03
2.3805e-02	8.8302e+04	2.0757e+04	2.1175e+03
2.3989e-02	8.8957e+04	2.0773e+04	2.1175e+03
2.4175e-02	8.9624e+04	2.0787e+04	2.1146e+03
2.4362e-02	9.0311e+04	2.0794e+04	2.1123e+03
2.4551e-02	9.1019e+04	2.0794e+04	2.1108e+03
2.4741e-02	9.1723e+04	2.0795e+04	2.1108e+03
2.4932e-02	9.2409e+04	2.0804e+04	2.1092e+03
2.5125e-02	9.3079e+04	2.0819e+04	2.1063e+03
2.5320e-02	9.3757e+04	2.0835e+04	2.1063e+03
2.5516e-02	9.4459e+04	2.0842e+04	2.1054e+03
2.5714e-02	9.5176e+04	2.0844e+04	2.1040e+03
2.5913e-02	9.5844e+04	2.0858e+04	2.1035e+03
2.6113e-02	9.6527e+04	2.0881e+04	2.1027e+03
2.6315e-02	9.7220e+04	2.0910e+04	2.1016e+03
2.6519e-02	9.7892e+04	2.0925e+04	2.1002e+03
2.6724e-02	9.8569e+04	2.0932e+04	2.0989e+03
2.6931e-02	9.9250e+04	2.0934e+04	2.0978e+03
2.7140e-02	9.9925e+04	2.0949e+04	2.0958e+03
2.7350e-02	1.0060e+05	2.0964e+04	2.0950e+03
2.7562e-02	1.0129e+05	2.0977e+04	2.0948e+03
2.7775e-02	1.0195e+05	2.0978e+04	2.0933e+03
2.7990e-02	1.0260e+05	2.0988e+04	2.0925e+03
2.8207e-02	1.0324e+05	2.1003e+04	2.0919e+03
2.8425e-02	1.0391e+05	2.1018e+04	2.0909e+03
2.8645e-02	1.0459e+05	2.1034e+04	2.0902e+03
2.8867e-02	1.0529e+05	2.1049e+04	2.0897e+03
2.9090e-02	1.0593e+05	2.1064e+04	2.0886e+03
2.9316e-02	1.0658e+05	2.1071e+04	2.0866e+03
2.9543e-02	1.0724e+05	2.1074e+04	2.0843e+03
2.9771e-02	1.0793e+05	2.1089e+04	2.0839e+03
3.0002e-02	1.0859e+05	2.1104e+04	2.0827e+03
3.0234e-02	1.0925e+05	2.1117e+04	2.0814e+03
3.0468e-02	1.0990e+05	2.1118e+04	2.0809e+03
3.0704e-02	1.1055e+05	2.1137e+04	2.0801e+03
3.0942e-02	1.1120e+05	2.1162e+04	2.0791e+03
3.1181e-02	1.1185e+05	2.1163e+04	2.0787e+03
3.1423e-02	1.1248e+05	2.1174e+04	2.0778e+03
3.1666e-02	1.1311e+05	2.1188e+04	2.0769e+03
3.1911e-02	1.1372e+05	2.1203e+04	2.0764e+03
3.2158e-02	1.1436e+05	2.1219e+04	2.0745e+03
3.2407e-02	1.1500e+05	2.1234e+04	2.0724e+03
3.2658e-02	1.1564e+05	2.1250e+04	2.0719e+03
3.2911e-02	1.1625e+05	2.1254e+04	2.0710e+03
3.3165e-02	1.1685e+05	2.1257e+04	2.0701e+03
3.3422e-02	1.1746e+05	2.1272e+04	2.0696e+03
3.3681e-02	1.1809e+05	2.1288e+04	2.0688e+03
3.3942e-02	1.1872e+05	2.1301e+04	2.0673e+03
3.4204e-02	1.1930e+05	2.1301e+04	2.0648e+03
3.4469e-02	1.1990e+05	2.1312e+04	2.0634e+03
3.4736e-02	1.2050e+05	2.1327e+04	2.0625e+03
3.5005e-02	1.2108e+05	2.1341e+04	2.0615e+03
3.5276e-02	1.2170e+05	2.1346e+04	2.0608e+03
3.5549e-02	1.2232e+05	2.1351e+04	2.0599e+03
3.5824e-02	1.2290e+05	2.1367e+04	2.0578e+03
3.6102e-02	1.2347e+05	2.1381e+04	2.0567e+03
3.6381e-02	1.2405e+05	2.1391e+04	2.0557e+03
3.6663e-02	1.2462e+05	2.1393e+04	2.0547e+03
3.6947e-02	1.2523e+05	2.1405e+04	2.0532e+03
3.7233e-02	1.2584e+05	2.1420e+04	2.0517e+03
3.7521e-02	1.2642e+05	2.1435e+04	2.0502e+03
3.7811e-02	1.2697e+05	2.1450e+04	2.0495e+03
3.8104e-02	1.2752e+05	2.1461e+04	2.0485e+03
3.8399e-02	1.2812e+05	2.1462e+04	2.0459e+03
3.8696e-02	1.2869e+05	2.1474e+04	2.0450e+03
3.8996e-02	1.2926e+05	2.1489e+04	2.0440e+03
3.9298e-02	1.2983e+05	2.1504e+04	2.0419e+03
3.9602e-02	1.3038e+05	2.1507e+04	2.0408e+03
3.9909e-02	1.3094e+05	2.1507e+04	2.0398e+03
4.0218e-02	1.3149e+05	2.1508e+04	2.0388e+03
4.0529e-02	1.3202e+05	2.1520e+04	2.0370e+03
4.0843e-02	1.3256e+05	2.1529e+04	2.0352e+03
4.1159e-02	1.3311e+05	2.1529e+04	2.0337e+03
4.1478e-02	1.3363e+05	2.1529e+04	2.0313e+03
4.1799e-02	1.3416e+05	2.1529e+04	2.0294e+03
4.2122e-02	1.3473e+05	2.1529e+04	2.0290e+03
4.2448e-02	1.3528e+05	2.1530e+04	2.0267e+03
4.2777e-02	1.3582e+05	2.1536e+04	2.0244e+03
4.3108e-02	1.3636e+05	2.1550e+04	2.0224e+03
4.3442e-02	1.3689e+05	2.1540e+04	2.0199e+03
4.3778e-02	1.3743e+05	2.1536e+04	2.0176e+03
4.4117e-02	1.3797e+05	2.1550e+04	2.0156e+03
4.4459e-02	1.3852e+05	2.1540e+04	2.0141e+03
4.4803e-02	1.3907e+05	2.1536e+04	2.0120e+03
4.5150e-02	1.3961e+05	2.1551e+04	2.0090e+03
4.5499e-02	1.4014e+05	2.1540e+04	2.0063e+03
4.5851e-02	1.4067e+05	2.1525e+04	2.0036e+03
4.6206e-02	1.4122e+05	2.1511e+04	2.0006e+03
4.6564e-02	1.4177e+05	2.1508e+04	1.9975e+03
4.6925e-02	1.4230e+05	2.1501e+04	1.9949e+03
4.7288e-02	1.4281e+05	2.1486e+04	1.9930e+03
4.7654e-02	1.4339e+05	2.1485e+04	1.9886e+03
4.8023e-02	1.4397e+05	2.1479e+04	1.9847e+03
4.8395e-02	1.4453e+05	2.1463e+04	1.9818e+03
4.8769e-02	1.4510e+05	2.1434e+04	1.9787e+03
4.9147e-02	1.4567e+05	2.1404e+04	1.9751e+03
4.9527e-02	1.4624e+05	2.1376e+04	1.9705e+03
4.9911e-02	1.4682e+05	2.1358e+04	1.9660e+03
5.0297e-02	1.4741e+05	2.1341e+04	1.9617e+03
5.0687e-02	1.4802e+05	2.1326e+04	1.9576e+03
5.1079e-02	1.4864e+05	2.1296e+04	1.9512e+03
5.1474e-02	1.4928e+05	2.1259e+04	1.9456e+03
5.1873e-02	1.4994e+05	2.1213e+04	1.9410e+03
5.2274e-02	1.5060e+05	2.1168e+04	1.9350e+03
5.2679e-02	1.5126e+05	2.1122e+04	1.9285e+03
5.3087e-02	1.5195e+05	2.1076e+04	1.9214e+03
5.3498e-02	1.5268e+05	2.1015e+04	1.9149e+03
5.3912e-02	1.5334e+05	2.0961e+04	1.9078e+03
5.4329e-02	1.5393e+05	2.0916e+04	1.9004e+03
5.4750e-02	1.5467e+05	2.0868e+04	1.8917e+03
5.5174e-02	1.5552e+05	2.0799e+04	1.8825e+03
5.5601e-02	1.5646e+05	2.0708e+04	1.8730e+03
5.6032e-02	1.5755e+05	2.0600e+04	1.8598e+03
5.6465e-02	1.5804e+05	2.0420e+04	1.8422e+03
5.6902e-02	1.5805e+05	2.0179e+04	1.8207e+03
5.7343e-02	1.5899e+05	1.9946e+04	1.7952e+03
5.7787e-02	1.6054e+05	1.9716e+04	1.7702e+03
5.8234e-02	1.6263e+05	1.9490e+04	1.7457e+03
5.8685e-02	1.6575e+05	1.9291e+04	1.7214e+03
5.9139e-02	1.7135e+05	1.9179e+04	1.6999e+03
5.9597e-02	1.7895e+05	1.9138e+04	1.6808e+03
6.0059e-02	1.8838e+05	1.9169e+04	1.6672e+03
6.0524e-02	1.9839e+05	1.9218e+04	1.6553e+03
6.0992e-02	2.0892e+05	1.9283e+04	1.6448e+03
6.1464e-02	2.2005e+05	1.9374e+04	1.6362e+03
6.1940e-02	2.3131e+05	1.9503e+04	1.6315e+03
6.2420e-02	2.4257e+05	1.9662e+04	1.6302e+03
6.2903e-02	2.5290e+05	1.9859e+04	1.6347e+03
6.3390e-02	2.6303e+05	2.0076e+04	1.6392e+03
6.3881e-02	2.7298e+05	2.0304e+04	1.6440e+03
6.4375e-02	2.8239e+05	2.0520e+04	1.6511e+03
6.4874e-02	2.9142e+05	2.0764e+04	1.6581e+03
6.5376e-02	3.0002e+05	2.1019e+04	1.6654e+03
6.5882e-02	3.0724e+05	2.1232e+04	1.6739e+03
6.6392e-02	3.1401e+05	2.1438e+04	1.6816e+03
6.6906e-02	3.2042e+05	2.1641e+04	1.6886e+03
6.7424e-02	3.2631e+05	2.1853e+04	1.6951e+03
6.7946e-02	3.3171e+05	2.2048e+04	1.7029e+03
6.8472e-02	3.3673e+05	2.2235e+04	1.7113e+03
6.9002e-02	3.4122e+05	2.2433e+04	1.7178e+03
6.9536e-02	3.4534e+05	2.2612e+04	1.7247e+03
7.0074e-02	3.4919e+05	2.2780e+04	1.7317e+03
7.0617e-02	3.5265e+05	2.2948e+04	1.7382e+03
7.1164e-02	3.5579e+05	2.3107e+04	1.7444e+03
7.1715e-02	3.5870e+05	2.3262e+04	1.7503e+03
7.2270e-02	3.6119e+05	2.3415e+04	1.7559e+03
7.2829e-02	3.6349e+05	2.3577e+04	1.7621e+03
7.3393e-02	3.6563e+05	2.3739e+04	1.7684e+03
7.3961e-02	3.6742e+05	2.3877e+04	1.7740e+03
7.4534e-02	3.6869e+05	2.4015e+04	1.7788e+03
7.5111e-02	3.6964e+05	2.4152e+04	1.7838e+03
7.5692e-02	3.7012e+05	2.4290e+04	1.7902e+03
7.6278e-02	3.7028e+05	2.4427e+04	1.7972e+03
7.6869e-02	3.7012e+05	2.4565e+04	1.8040e+03
7.7464e-02	3.6925e+05	2.4705e+04	1.8101e+03
7.8064e-02	3.6730e+05	2.4865e+04	1.8184e+03
7.8668e-02	3.6488e+05	2.5025e+04	1.8271e+03
7.9277e-02	3.6225e+05	2.5163e+04	1.8346e+03
7.9891e-02	3.5927e+05	2.5301e+04	1.8422e+03
8.0509e-02	3.5610e+05	2.5439e+04	1.8497e+03
8.1132e-02	3.5272e+05	2.5577e+04	1.8573e+03
8.1761e-02	3.4924e+05	2.5702e+04	1.8637e+03
8.2394e-02	3.4574e+05	2.5812e+04	1.8697e+03
8.3031e-02	3.4226e+05	2.5889e+04	1.8757e+03
8.3674e-02	3.3917e+05	2.5977e+04	1.8806e+03
8.4322e-02	3.3626e+05	2.6064e+04	1.8844e+03
8.4975e-02	3.3355e+05	2.6141e+04	1.8864e+03
8.5633e-02	3.3108e+05	2.6205e+04	1.8889e+03
8.6296e-02	3.2870e+05	2.6266e+04	1.8915e+03
8.6964e-02	3.2641e+05	2.6326e+04	1.8946e+03
8.7637e-02	3.2428e+05	2.6388e+04	1.8964e+03
8.8315e-02	3.2259e+05	2.6441e+04	1.8974e+03
8.8999e-02	3.2176e+05	2.6471e+04	1.8974e+03
8.9688e-02	3.2210e+05	2.6502e+04	1.8950e+03
9.0382e-02	3.2279e+05	2.6538e+04	1.8913e+03
9.1082e-02	3.2363e+05	2.6582e+04	1.8863e+03
9.1787e-02	3.2186e+05	2.6630e+04	1.8858e+03
9.2498e-02	3.1913e+05	2.6692e+04	1.8870e+03
9.3214e-02	3.1555e+05	2.6783e+04	1.8896e+03
9.3935e-02	3.1159e+05	2.6862e+04	1.8916e+03
9.4663e-02	3.0743e+05	2.6943e+04	1.8940e+03
9.5396e-02	3.0302e+05	2.7035e+04	1.8970e+03
9.6134e-02	2.9843e+05	2.7113e+04	1.9000e+03
9.6878e-02	2.9373e+05	2.7184e+04	1.9029e+03
9.7628e-02	2.8889e+05	2.7247e+04	1.9054e+03
9.8384e-02	2.8386e+05	2.7321e+04	1.9084e+03
9.9146e-02	2.7877e+05	2.7392e+04	1.9114e+03
9.9913e-02	2.7365e+05	2.7454e+04	1.9144e+03
1.0069e-01	2.6833e+05	2.7538e+04	1.9177e+03
1.0147e-01	2.6266e+05	2.7623e+04	1.9209e+03
1.0225e-01	2.5638e+05	2.7705e+04	1.9236e+03
1.0304e-01	2.4952e+05	2.7795e+04	1.9294e+03
1.0384e-01	2.4251e+05	2.7887e+04	1.9354e+03
1.0465e-01	2.3539e+05	2.7979e+04	1.9414e+03
1.0546e-01	2.2889e+05	2.8072e+04	1.9465e+03
1.0627e-01	2.2281e+05	2.8169e+04	1.9510e+03
1.0709e-01	2.1719e+05	2.8270e+04	1.9549e+03
1.0792e-01	2.1164e+05	2.8352e+04	1.9608e+03
1.0876e-01	2.0626e+05	2.8438e+04	1.9653e+03
1.0960e-01	2.0110e+05	2.8535e+04	1.9673e+03
1.1045e-01	1.9637e+05	2.8610e+04	1.9713e+03
1.1130e-01	1.9170e+05	2.8692e+04	1.9755e+03
1.1217e-01	1.8711e+05	2.8782e+04	1.9800e+03
1.1303e-01	1.8269e+05	2.8860e+04	1.9831e+03
1.1391e-01	1.7834e+05	2.8944e+04	1.9863e+03
1.1479e-01	1.7407e+05	2.9036e+04	1.9898e+03
1.1568e-01	1.6997e+05	2.9114e+04	1.9929e+03
1.1658e-01	1.6601e+05	2.9190e+04	1.9959e+03
1.1748e-01	1.6217e+05	2.9265e+04	1.9988e+03
1.1839e-01	1.5847e+05	2.9339e+04	2.0013e+03
1.1930e-01	1.5474e+05	2.9423e+04	2.0041e+03
1.2023e-01	1.5096e+05	2.9518e+04	2.0073e+03
1.2116e-01	1.4747e+05	2.9594e+04	2.0088e+03
1.2210e-01	1.4401e+05	2.9663e+04	2.0111e+03
1.2304e-01	1.4060e+05	2.9726e+04	2.0141e+03
1.2399e-01	1.3742e+05	2.9799e+04	2.0170e+03
1.2495e-01	1.3421e+05	2.9874e+04	2.0192e+03
1.2592e-01	1.3097e+05	2.9953e+04	2.0208e+03
1.2690e-01	1.2793e+05	3.0028e+04	2.0223e+03
1.2788e-01	1.2485e+05	3.0099e+04	2.0246e+03
1.2887e-01	1.2176e+05	3.0166e+04	2.0276e+03
1.2987e-01	1.1884e+05	3.0256e+04	2.0291e+03
1.3087e-01	1.1595e+05	3.0339e+04	2.0300e+03
1.3188e-01	1.1311e+05	3.0416e+04	2.0307e+03
1.3291e-01	1.1040e+05	3.0488e+04	2.0331e+03
1.3393e-01	1.0765e+05	3.0557e+04	2.0351e+03
1.3497e-01	1.0487e+05	3.0623e+04	2.0367e+03
1.3602e-01	1.0222e+05	3.0712e+04	2.0381e+03
1.3707e-01	9.9521e+04	3.0780e+04	2.0397e+03
1.3813e-01	9.6786e+04	3.0832e+04	2.0411e+03
1.3920e-01	9.4150e+04	3.0908e+04	2.0411e+03
1.4028e-01	9.1524e+04	3.0981e+04	2.0411e+03
1.4136e-01	8.8870e+04	3.1054e+04	2.0411e+03
1.4246e-01	8.5789e+04	3.1115e+04	2.0411e+03
1.4356e-01	8.2356e+04	3.1178e+04	2.0411e+03
1.4467e-01	7.8648e+04	3.1245e+04	2.0413e+03
1.4579e-01	7.4764e+04	3.1321e+04	2.0428e+03
1.4692e-01	7.0852e+04	3.1425e+04	2.0452e+03
1.4806e-01	6.6920e+04	3.1545e+04	2.0482e+03
1.4920e-01	6.3011e+04	3.1669e+04	2.0508e+03
1.5036e-01	5.9249e+04	3.1789e+04	2.0538e+03
1.5152e-01	5.5564e+04	3.1908e+04	2.0573e+03
1.5270e-01	5.1958e+04	3.2033e+04	2.0620e+03
1.5388e-01	4.8595e+04	3.2164e+04	2.0665e+03
1.5507e-01	4.5395e+04	3.2295e+04	2.0710e+03
1.5627e-01	4.2458e+04	3.2402e+04	2.0750e+03
1.5748e-01	3.9681e+04	3.2482e+04	2.0804e+03
1.5870e-01	3.7025e+04	3.2543e+04	2.0861e+03
1.5993e-01	3.4556e+04	3.2580e+04	2.0896e+03
1.6117e-01	3.2296e+04	3.2606e+04	2.0938e+03
1.6241e-01	3.0156e+04	3.2630e+04	2.0986e+03
1.6367e-01	2.8191e+04	3.2663e+04	2.1056e+03
1.6494e-01	2.6339e+04	3.2693e+04	2.1110e+03
1.6622e-01	2.4579e+04	3.2709e+04	2.1156e+03
1.6750e-01	2.3002e+04	3.2672e+04	2.1201e+03
1.6880e-01	2.1511e+04	3.2554e+04	2.1251e+03
1.7011e-01	2.0107e+04	3.2370e+04	2.1300e+03
1.7142e-01	1.8871e+04	3.2087e+04	2.1345e+03
1.7275e-01	1.7700e+04	3.1678e+04	2.1397e+03
1.7409e-01	1.6572e+04	3.1185e+04	2.1450e+03
1.7543e-01	1.5519e+04	3.0567e+04	2.1491e+03
1.7679e-01	1.4540e+04	2.9957e+04	2.1531e+03
1.7816e-01	1.3617e+04	2.9388e+04	2.1575e+03
1.7954e-01	1.2775e+04	2.8928e+04	2.1630e+03
1.8093e-01	1.2001e+04	2.8547e+04	2.1666e+03
1.8233e-01	1.1265e+04	2.8151e+04	2.1701e+03
1.8374e-01	1.0581e+04	2.7617e+04	2.1751e+03
1.8517e-01	9.9455e+03	2.6682e+04	2.1795e+03
1.8660e-01	9.3482e+03	2.5510e+04	2.1837e+03
1.8804e-01	8.8129e+03	2.4082e+04	2.1881e+03
1.8950e-01	8.2999e+03	2.2625e+04	2.1916e+03
1.9097e-01	7.8104e+03	2.1250e+04	2.1948e+03
1.9245e-01	7.3577e+03	2.0079e+04	2.1981e+03
1.9393e-01	6.9237e+03	1.9076e+04	2.2012e+03
1.9544e-01	6.5063e+03	1.8181e+04	2.2043e+03
1.9695e-01	6.1176e+03	1.7431e+04	2.2074e+03
1.9847e-01	5.7709e+03	1.6843e+04	2.2092e+03
2.0001e-01	5.4429e+03	1.6332e+04	2.2107e+03
2.0156e-01	5.1372e+03	1.5915e+04	2.2122e+03
2.0312e-01	4.8693e+03	1.5627e+04	2.2124e+03
2.0469e-01	4.6148e+03	1.5388e+04	2.2116e+03
2.0628e-01	4.3760e+03	1.5207e+04	2.2090e+03
2.0787e-01	4.1709e+03	1.5064e+04	2.2069e+03
2.0948e-01	3.9779e+03	1.4883e+04	2.2040e+03
2.1110e-01	3.7971e+03	1.4625e+04	2.1993e+03
2.1274e-01	3.6343e+03	1.4127e+04	2.1931e+03
2.1439e-01	3.4865e+03	1.3507e+04	2.1871e+03
2.1605e-01	3.3621e+03	1.2726e+04	2.1815e+03
2.1772e-01	3.2622e+03	1.1890e+04	2.1772e+03
2.1940e-01	3.1786e+03	1.1102e+04	2.1726e+03
2.2110e-01	3.1128e+03	1.0350e+04	2.1669e+03
2.2281e-01	3.0726e+03	9.8026e+03	2.1677e+03
2.2454e-01	3.0419e+03	9.3442e+03	2.1683e+03
2.2628e-01	3.0220e+03	8.9953e+03	2.1671e+03
2.2803e-01	3.0082e+03	8.7493e+03	2.1684e+03
2.2979e-01	2.9964e+03	8.5642e+03	2.1702e+03
2.3157e-01	2.9861e+03	8.4511e+03	2.1722e+03
2.3337e-01	2.9725e+03	8.3956e+03	2.1708e+03
2.3517e-01	2.9585e+03	8.3695e+03	2.1717e+03
2.3699e-01	2.9446e+03	8.3773e+03	2.1759e+03
2.3883e-01	2.9299e+03	8.4254e+03	2.1727e+03
2.4068e-01	2.9147e+03	8.4886e+03	2.1730e+03
2.4254e-01	2.8988e+03	8.5693e+03	2.1788e+03
2.4442e-01	2.8843e+03	8.6874e+03	2.1758e+03
2.4631e-01	2.8694e+03	8.8095e+03	2.1750e+03
2.4822e-01	2.8538e+03	8.9319e+03	2.1785e+03
2.5014e-01	2.8396e+03	9.0475e+03	2.1758e+03
2.5207e-01	2.8248e+03	9.1624e+03	2.1753e+03
2.5403e-01	2.8094e+03	9.2765e+03	2.1777e+03
2.5599e-01	2.7931e+03	9.3589e+03	2.1765e+03
2.5797e-01	2.7773e+03	9.4092e+03	2.1759e+03
2.5997e-01	2.7622e+03	9.4271e+03	2.1762e+03
2.6198e-01	2.7477e+03	9.4017e+03	2.1765e+03
2.6401e-01	2.7325e+03	9.3461e+03	2.1765e+03
2.6606e-01	2.7164e+03	9.2604e+03	2.1760e+03
2.6812e-01	2.6994e+03	9.1035e+03	2.1780e+03
2.7019e-01	2.6833e+03	8.9238e+03	2.1766e+03
2.7228e-01	2.6685e+03	8.7206e+03	2.1713e+03
2.7439e-01	2.6513e+03	8.5024e+03	2.1778e+03
2.7652e-01	2.6350e+03	8.2716e+03	2.1786e+03
2.7866e-01	2.6193e+03	8.0296e+03	2.1742e+03
2.8081e-01	2.6015e+03	7.8016e+03	2.1746e+03
2.8299e-01	2.5844e+03	7.5768e+03	2.1768e+03
2.8518e-01	2.5680e+03	7.3548e+03	2.1802e+03
2.8739e-01	2.5510e+03	7.1457e+03	2.1732e+03
2.8961e-01	2.5345e+03	6.9519e+03	2.1736e+03
2.9185e-01	2.5183e+03	6.7721e+03	2.1796e+03
2.9411e-01	2.5023e+03	6.6110e+03	2.1737e+03
2.9639e-01	2.4858e+03	6.4654e+03	2.1699e+03
2.9868e-01	2.4691e+03	6.3342e+03	2.1684e+03
3.0100e-01	2.4525e+03	6.2325e+03	2.1753e+03
3.0333e-01	2.4364e+03	6.1386e+03	2.1715e+03
3.0567e-01	2.4207e+03	6.0517e+03	2.1608e+03
3.0804e-01	2.4045e+03	5.9795e+03	2.1653e+03
3.1043e-01	2.3884e+03	5.9242e+03	2.1703e+03
3.1283e-01	2.3724e+03	5.8833e+03	2.1736e+03
3.1525e-01	2.3573e+03	5.8699e+03	2.1572e+03
3.1769e-01	2.3414e+03	5.8572e+03	2.1556e+03
3.2015e-01	2.3250e+03	5.8433e+03	2.1630e+03
3.2263e-01	2.3095e+03	5.8156e+03	2.1662e+03
3.2513e-01	2.2938e+03	5.8142e+03	2.1582e+03
3.2764e-01	2.2779e+03	5.8297e+03	2.1458e+03
3.3018e-01	2.2621e+03	5.8449e+03	2.1526e+03
3.3274e-01	2.2473e+03	5.8606e+03	2.1564e+03
3.3531e-01	2.2328e+03	5.8784e+03	2.1568e+03
3.3791e-01	2.2161e+03	5.9086e+03	2.1436e+03
3.4052e-01	2.2008e+03	5.9374e+03	2.1427e+03
3.4316e-01	2.1862e+03	5.9637e+03	2.1479e+03
3.4582e-01	2.1709e+03	5.9783e+03	2.1502e+03
3.4849e-01	2.1555e+03	5.9818e+03	2.1421e+03
3.5119e-01	2.1400e+03	5.9843e+03	2.1312e+03
3.5391e-01	2.1253e+03	6.0124e+03	2.1344e+03
3.5665e-01	2.1100e+03	6.0099e+03	2.1415e+03
3.5941e-01	2.0945e+03	5.9927e+03	2.1465e+03
3.6219e-01	2.0797e+03	5.9756e+03	2.1335e+03
3.6500e-01	2.0645e+03	5.9475e+03	2.1252e+03
3.6782e-01	2.0494e+03	5.9139e+03	2.1229e+03
3.7067e-01	2.0358e+03	5.8800e+03	2.1371e+03
3.7354e-01	2.0219e+03	5.8362e+03	2.1374e+03
3.7643e-01	2.0077e+03	5.7851e+03	2.1303e+03
3.7935e-01	1.9931e+03	5.7227e+03	2.1173e+03
3.8228e-01	1.9795e+03	5.6599e+03	2.1177e+03
3.8524e-01	1.9658e+03	5.5902e+03	2.1244e+03
3.8823e-01	1.9511e+03	5.4974e+03	2.1337e+03
3.9123e-01	1.9373e+03	5.4160e+03	2.1276e+03
3.9426e-01	1.9236e+03	5.3348e+03	2.1164e+03
3.9731e-01	1.9093e+03	5.2430e+03	2.1062e+03
4.0039e-01	1.8952e+03	5.1511e+03	2.1130e+03
4.0349e-01	1.8812e+03	5.0593e+03	2.1229e+03
4.0661e-01	1.8678e+03	4.9683e+03	2.1251e+03
4.0976e-01	1.8543e+03	4.8658e+03	2.1151e+03
4.1293e-01	1.8406e+03	4.7632e+03	2.1021e+03
4.1613e-01	1.8269e+03	4.6719e+03	2.0921e+03
4.1935e-01	1.8136e+03	4.5807e+03	2.0997e+03
4.2260e-01	1.8004e+03	4.4893e+03	2.1107e+03
4.2587e-01	1.7872e+03	4.3979e+03	2.1157e+03
4.2917e-01	1.7739e+03	4.3065e+03	2.1043e+03
4.3249e-01	1.7605e+03	4.2193e+03	2.0881e+03
4.3584e-01	1.7469e+03	4.1429e+03	2.0718e+03
4.3921e-01	1.7335e+03	4.0557e+03	2.0779e+03
4.4261e-01	1.7206e+03	3.9656e+03	2.0900e+03
4.4604e-01	1.7085e+03	3.8754e+03	2.1027e+03
4.4949e-01	1.6964e+03	3.7975e+03	2.0960e+03
4.5297e-01	1.6841e+03	3.7265e+03	2.0806e+03
4.5648e-01	1.6714e+03	3.6651e+03	2.0561e+03
4.6001e-01	1.6594e+03	3.5983e+03	2.0519e+03
4.6357e-01	1.6472e+03	3.5285e+03	2.0571e+03
4.6716e-01	1.6349e+03	3.4555e+03	2.0726e+03
4.7078e-01	1.6227e+03	3.3950e+03	2.0775e+03
4.7442e-01	1.6107e+03	3.3366e+03	2.0716e+03
4.7809e-01	1.5990e+03	3.2782e+03	2.0477e+03
4.8180e-01	1.5875e+03	3.2249e+03	2.0296e+03
4.8553e-01	1.5760e+03	3.1721e+03	2.0223e+03
4.8928e-01	1.5644e+03	3.1190e+03	2.0330e+03
4.9307e-01	1.5528e+03	3.0688e+03	2.0464e+03
4.9689e-01	1.5412e+03	3.0194e+03	2.0521e+03
5.0074e-01	1.5293e+03	2.9706e+03	2.0435e+03
5.0461e-01	1.5173e+03	2.9247e+03	2.0203e+03
5.0852e-01	1.5058e+03	2.8799e+03	2.0010e+03
5.1246e-01	1.4952e+03	2.8361e+03	1.9913e+03
5.1642e-01	1.4842e+03	2.7946e+03	1.9994e+03
5.2042e-01	1.4733e+03	2.7534e+03	2.0104e+03
5.2445e-01	1.4625e+03	2.7124e+03	2.0223e+03
5.2851e-01	1.4512e+03	2.6743e+03	2.0141e+03
5.3260e-01	1.4400e+03	2.6363e+03	1.9984e+03
5.3673e-01	1.4291e+03	2.5981e+03	1.9748e+03
5.4088e-01	1.4183e+03	2.5634e+03	1.9651e+03
5.4507e-01	1.4079e+03	2.5285e+03	1.9631e+03
5.4929e-01	1.3980e+03	2.4929e+03	1.9704e+03
5.5354e-01	1.3871e+03	2.4597e+03	1.9810e+03
5.5783e-01	1.3770e+03	2.4263e+03	1.9853e+03
5.6214e-01	1.3677e+03	2.3926e+03	1.9813e+03
5.6650e-01	1.3564e+03	2.3625e+03	1.9631e+03
5.7088e-01	1.3459e+03	2.3321e+03	1.9482e+03
5.7530e-01	1.3367e+03	2.3013e+03	1.9378e+03
5.7975e-01	1.3270e+03	2.2725e+03	1.9367e+03
5.8424e-01	1.3170e+03	2.2437e+03	1.9395e+03
5.8877e-01	1.3067e+03	2.2147e+03	1.9463e+03
5.9332e-01	1.2979e+03	2.1861e+03	1.9505e+03
5.9792e-01	1.2884e+03	2.1581e+03	1.9459e+03
6.0255e-01	1.2782e+03	2.1307e+03	1.9318e+03
6.0721e-01	1.2685e+03	2.1046e+03	1.9228e+03
6.1191e-01	1.2588e+03	2.0786e+03	1.9203e+03
6.1665e-01	1.2491e+03	2.0528e+03	1.9238e+03
6.2142e-01	1.2411e+03	2.0284e+03	1.9176e+03
6.2623e-01	1.2322e+03	2.0033e+03	1.9193e+03
6.3108e-01	1.2226e+03	1.9778e+03	1.9281e+03
6.3597e-01	1.2137e+03	1.9534e+03	1.9252e+03
6.4089e-01	1.2050e+03	1.9298e+03	1.9133e+03
6.4585e-01	1.1965e+03	1.9068e+03	1.8939e+03
6.5085e-01	1.1866e+03	1.8823e+03	1.8949e+03
6.5589e-01	1.1771e+03	1.8596e+03	1.9011e+03
6.6097e-01	1.1680e+03	1.8383e+03	1.9105e+03
6.6609e-01	1.1606e+03	1.8153e+03	1.8966e+03
6.7124e-01	1.1526e+03	1.7934e+03	1.8953e+03
6.7644e-01	1.1441e+03	1.7723e+03	1.9040e+03
6.8168e-01	1.1356e+03	1.7510e+03	1.9162e+03
6.8695e-01	1.1274e+03	1.7304e+03	1.9067e+03
6.9227e-01	1.1193e+03	1.7105e+03	1.8826e+03
6.9763e-01	1.1106e+03	1.6907e+03	1.8743e+03
7.0303e-01	1.1022e+03	1.6709e+03	1.8843e+03
7.0847e-01	1.0941e+03	1.6511e+03	1.9036e+03
7.1396e-01	1.0873e+03	1.6313e+03	1.8954e+03
7.1949e-01	1.0799e+03	1.6116e+03	1.8798e+03
7.2506e-01	1.0719e+03	1.5921e+03	1.8645e+03
7.3067e-01	1.0625e+03	1.5739e+03	1.8871e+03
7.3633e-01	1.0547e+03	1.5565e+03	1.9005e+03
7.4203e-01	1.0478e+03	1.5394e+03	1.9033e+03
7.4777e-01	1.0409e+03	1.5213e+03	1.8713e+03
7.5356e-01	1.0337e+03	1.5031e+03	1.8595e+03
7.5939e-01	1.0263e+03	1.4851e+03	1.8640e+03
7.6527e-01	1.0191e+03	1.4684e+03	1.8958e+03
7.7120e-01	1.0107e+03	1.4516e+03	1.9011e+03
7.7717e-01	1.0020e+03	1.4350e+03	1.8877e+03
7.8318e-01	9.9540e+02	1.4197e+03	1.8542e+03
7.8925e-01	9.8740e+02	1.4035e+03	1.8501e+03
7.9536e-01	9.7932e+02	1.3870e+03	1.8631e+03
8.0151e-01	9.7439e+02	1.3718e+03	1.8866e+03
8.0772e-01	9.6782e+02	1.3566e+03	1.8784e+03
8.1397e-01	9.6047e+02	1.3413e+03	1.8552e+03
8.2027e-01	9.5324e+02	1.3262e+03	1.8329e+03
8.2662e-01	9.4586e+02	1.3111e+03	1.8420e+03
8.3302e-01	9.3841e+02	1.2962e+03	1.8661e+03
8.3947e-01	9.3100e+02	1.2824e+03	1.8955e+03
8.4597e-01	9.2381e+02	1.2686e+03	1.8874e+03
8.5252e-01	9.1727e+02	1.2547e+03	1.8614e+03
8.5912e-01	9.1279e+02	1.2411e+03	1.8281e+03
8.6577e-01	9.0485e+02	1.2265e+03	1.8252e+03
8.7247e-01	8.9648e+02	1.2120e+03	1.8364e+03
8.7923e-01	8.9162e+02	1.1997e+03	1.8542e+03
8.8604e-01	8.8463e+02	1.1863e+03	1.8469e+03
8.9289e-01	8.7715e+02	1.1729e+03	1.8292e+03
8.9981e-01	8.7065e+02	1.1609e+03	1.8068e+03
9.0677e-01	8.6493e+02	1.1490e+03	1.8076e+03
9.1379e-01	8.5892e+02	1.1368e+03	1.8226e+03
9.2087e-01	8.5126e+02	1.1243e+03	1.8556e+03
9.2800e-01	8.4518e+02	1.1120e+03	1.8681e+03
9.3518e-01	8.3978e+02	1.0998e+03	1.8621e+03
9.4242e-01	8.3494e+02	1.0881e+03	1.8222e+03
9.4972e-01	8.3045e+02	1.0765e+03	1.7939e+03
9.5707e-01	8.2498e+02	1.0650e+03	1.7772e+03
9.6448e-01	8.1669e+02	1.0534e+03	1.7818e+03
9.7194e-01	8.1133e+02	1.0429e+03	1.7852e+03
9.7947e-01	8.0584e+02	1.0324e+03	1.7837e+03
9.8705e-01	7.9816e+02	1.0212e+03	1.7717e+03
9.9469e-01	7.9117e+02	1.0103e+03	1.7614e+03
1.0024e+00	7.8559e+02	9.9960e+02	1.7567e+03
1.0102e+00	7.8282e+02	9.8917e+02	1.7635e+03
1.0180e+00	7.7689e+02	9.7903e+02	1.7855e+03
1.0259e+00	7.7063e+02	9.6908e+02	1.8108e+03
1.0338e+00	7.6555e+02	9.5930e+02	1.8335e+03
1.0418e+00	7.5940e+02	9.4945e+02	1.8227e+03
1.0499e+00	7.5335e+02	9.3969e+02	1.7970e+03
1.0580e+00	7.4784e+02	9.3014e+02	1.7548e+03
1.0662e+00	7.4241e+02	9.2080e+02	1.7275e+03
1.0744e+00	7.3705e+02	9.1151e+02	1.7061e+03
1.0828e+00	7.3188e+02	9.0237e+02	1.6944e+03
1.0911e+00	7.2654e+02	8.9343e+02	1.6800e+03
1.0996e+00	7.2130e+02	8.8464e+02	1.6666e+03
1.1081e+00	7.1627e+02	8.7601e+02	1.6551e+03
1.1167e+00	7.1106e+02	8.6730e+02	1.6530e+03
1.1253e+00	7.0586e+02	8.5859e+02	1.6569e+03
1.1340e+00	7.0070e+02	8.4992e+02	1.6689e+03
1.1428e+00	6.9564e+02	8.4184e+02	1.6915e+03
1.1517e+00	6.9063e+02	8.3367e+02	1.7173e+03
1.1606e+00	6.8566e+02	8.2527e+02	1.7457e+03
1.1696e+00	6.8072e+02	8.1737e+02	1.7626e+03
1.1786e+00	6.7580e+02	8.0948e+02	1.7658e+03
1.1877e+00	6.7093e+02	8.0163e+02	1.7489e+03
1.1969e+00	6.6626e+02	7.9402e+02	1.7147e+03
1.2062e+00	6.6159e+02	7.8657e+02	1.6781e+03
1.2155e+00	6.5691e+02	7.7928e+02	1.6419e+03
1.2249e+00	6.5205e+02	7.7181e+02	1.6108e+03
1.2344e+00	6.4729e+02	7.6444e+02	1.5804e+03
1.2440e+00	6.4268e+02	7.5720e+02	1.5503e+03
1.2536e+00	6.3829e+02	7.5041e+02	1.5285e+03
1.2633e+00	6.3396e+02	7.4363e+02	1.5126e+03
1.2731e+00	6.2967e+02	7.3681e+02	1.5030e+03
1.2830e+00	6.2537e+02	7.3022e+02	1.5068e+03
1.2929e+00	6.2110e+02	7.2374e+02	1.5173e+03
1.3029e+00	6.1687e+02	7.1737e+02	1.5333e+03
1.3130e+00	6.1290e+02	7.1112e+02	1.5589e+03
1.3232e+00	6.0889e+02	7.0500e+02	1.5864e+03
1.3334e+00	6.0483e+02	6.9902e+02	1.6157e+03
1.3437e+00	6.0078e+02	6.9292e+02	1.6369e+03
1.3541e+00	5.9682e+02	6.8697e+02	1.6493e+03
1.3646e+00	5.9296e+02	6.8116e+02	1.6531e+03
1.3752e+00	5.8912e+02	6.7539e+02	1.6363e+03
1.3858e+00	5.8523e+02	6.6961e+02	1.6114e+03
1.3965e+00	5.8128e+02	6.6384e+02	1.5801e+03
1.4074e+00	5.7739e+02	6.5819e+02	1.5465e+03
1.4183e+00	5.7357e+02	6.5256e+02	1.5117e+03
1.4292e+00	5.6984e+02	6.4696e+02	1.4758e+03
1.4403e+00	5.6608e+02	6.4160e+02	1.4432e+03
1.4514e+00	5.6224e+02	6.3622e+02	1.4138e+03
1.4627e+00	5.5837e+02	6.3084e+02	1.3874e+03
1.4740e+00	5.5490e+02	6.2568e+02	1.3716e+03
1.4854e+00	5.5131e+02	6.2058e+02	1.3610e+03
1.4969e+00	5.4764e+02	6.1550e+02	1.3554e+03
1.5085e+00	5.4399e+02	6.1038e+02	1.3597e+03
1.5202e+00	5.4036e+02	6.0530e+02	1.3688e+03
1.5320e+00	5.3676e+02	6.0029e+02	1.3824e+03
1.5438e+00	5.3333e+02	5.9549e+02	1.4004e+03
1.5558e+00	5.2986e+02	5.9064e+02	1.4195e+03
1.5678e+00	5.2637e+02	5.8574e+02	1.4394e+03
1.5799e+00	5.2285e+02	5.8105e+02	1.4576e+03
1.5922e+00	5.1949e+02	5.7645e+02	1.4706e+03
1.6045e+00	5.1621e+02	5.7191e+02	1.4784e+03
1.6169e+00	5.1280e+02	5.6727e+02	1.4763e+03
1.6294e+00	5.0936e+02	5.6265e+02	1.4666e+03
1.6421e+00	5.0592e+02	5.5805e+02	1.4508e+03
1.6548e+00	5.0273e+02	5.5364e+02	1.4268e+03
1.6676e+00	4.9943e+02	5.4921e+02	1.3996e+03
1.6805e+00	4.9605e+02	5.4478e+02	1.3699e+03
1.6935e+00	4.9279e+02	5.4047e+02	1.3392e+03
1.7066e+00	4.8961e+02	5.3623e+02	1.3098e+03
1.7198e+00	4.8646e+02	5.3204e+02	1.2812e+03
1.7331e+00	4.8329e+02	5.2798e+02	1.2553e+03
1.7466e+00	4.8019e+02	5.2401e+02	1.2347e+03
1.7601e+00	4.7715e+02	5.2010e+02	1.2181e+03
1.7737e+00	4.7421e+02	5.1621e+02	1.2060e+03
1.7874e+00	4.7124e+02	5.1230e+02	1.1982e+03
1.8013e+00	4.6830e+02	5.0842e+02	1.1933e+03
1.8152e+00	4.6559e+02	5.0482e+02	1.1929e+03
1.8293e+00	4.6275e+02	5.0115e+02	1.1964e+03
1.8434e+00	4.5987e+02	4.9747e+02	1.2023e+03
1.8577e+00	4.5709e+02	4.9396e+02	1.2104e+03
1.8721e+00	4.5438e+02	4.9041e+02	1.2217e+03
1.8866e+00	4.5170e+02	4.8688e+02	1.2341e+03
1.9012e+00	4.4901e+02	4.8356e+02	1.2452e+03
1.9159e+00	4.4638e+02	4.8016e+02	1.2562e+03
1.9307e+00	4.4375e+02	4.7678e+02	1.2663e+03
1.9457e+00	4.4112e+02	4.7363e+02	1.2720e+03
1.9607e+00	4.3859e+02	4.7034e+02	1.2737e+03
1.9759e+00	4.3608e+02	4.6704e+02	1.2719e+03
1.9912e+00	4.3351e+02	4.6392e+02	1.2651e+03
2.0066e+00	4.3103e+02	4.6075e+02	1.2537e+03
2.0222e+00	4.2853e+02	4.5760e+02	1.2392e+03
2.0378e+00	4.2588e+02	4.5450e+02	1.2201e+03
2.0536e+00	4.2344e+02	4.5143e+02	1.1985e+03
2.0695e+00	4.2105e+02	4.4841e+02	1.1750e+03
2.0855e+00	4.1864e+02	4.4542e+02	1.1507e+03
2.1017e+00	4.1619e+02	4.4242e+02	1.1270e+03
2.1179e+00	4.1377e+02	4.3944e+02	1.1038e+03
2.1343e+00	4.1139e+02	4.3652e+02	1.0813e+03
2.1509e+00	4.0909e+02	4.3367e+02	1.0612e+03
2.1675e+00	4.0682e+02	4.3088e+02	1.0441e+03
2.1843e+00	4.0455e+02	4.2810e+02	1.0298e+03
2.2012e+00	4.0235e+02	4.2533e+02	1.0181e+03
2.2182e+00	4.0009e+02	4.2259e+02	1.0089e+03
2.2354e+00	3.9777e+02	4.1987e+02	1.0019e+03
2.2527e+00	3.9554e+02	4.1718e+02	9.9681e+02
2.2702e+00	3.9341e+02	4.1455e+02	9.9354e+02
2.2877e+00	3.9126e+02	4.1206e+02	9.9287e+02
2.3054e+00	3.8922e+02	4.0946e+02	9.9463e+02
2.3233e+00	3.8708e+02	4.0687e+02	9.9807e+02
2.3413e+00	3.8491e+02	4.0430e+02	1.0026e+03
2.3594e+00	3.8281e+02	4.0177e+02	1.0077e+03
2.3777e+00	3.8079e+02	3.9930e+02	1.0134e+03
2.3961e+00	3.7870e+02	3.9695e+02	1.0205e+03
2.4146e+00	3.7659e+02	3.9452e+02	1.0266e+03
2.4333e+00	3.7447e+02	3.9203e+02	1.0324e+03
2.4522e+00	3.7236e+02	3.8956e+02	1.0376e+03
2.4711e+00	3.7031e+02	3.8716e+02	1.0417e+03
2.4903e+00	3.6837e+02	3.8484e+02	1.0447e+03
2.5095e+00	3.6654e+02	3.8255e+02	1.0464e+03
2.5290e+00	3.6460e+02	3.8032e+02	1.0457e+03
2.5486e+00	3.6268e+02	3.7813e+02	1.0429e+03
2.5683e+00	3.6082e+02	3.7595e+02	1.0384e+03
2.5882e+00	3.5900e+02	3.7371e+02	1.0312e+03
2.6082e+00	3.5718e+02	3.7154e+02	1.0217e+03
2.6284e+00	3.5535e+02	3.6948e+02	1.0100e+03
2.6487e+00	3.5355e+02	3.6743e+02	9.9638e+02
2.6692e+00	3.5174e+02	3.6537e+02	9.8151e+02
2.6899e+00	3.4994e+02	3.6330e+02	9.6617e+02
2.7107e+00	3.4824e+02	3.6139e+02	9.4962e+02
2.7317e+00	3.4654e+02	3.5942e+02	9.3218e+02
2.7529e+00	3.4485e+02	3.5741e+02	9.1455e+02
2.7742e+00	3.4317e+02	3.5545e+02	8.9721e+02
2.7957e+00	3.4149e+02	3.5352e+02	8.8014e+02
2.8173e+00	3.3981e+02	3.5156e+02	8.6301e+02
2.8391e+00	3.3815e+02	3.4962e+02	8.4761e+02
2.8611e+00	3.3648e+02	3.4773e+02	8.3275e+02
2.8832e+00	3.3485e+02	3.4589e+02	8.1856e+02
2.9056e+00	3.3327e+02	3.4411e+02	8.0536e+02
2.9281e+00	3.3174e+02	3.4236e+02	7.9366e+02
2.9507e+00	3.3023e+02	3.4061e+02	7.8394e+02
2.9736e+00	3.2870e+02	3.3883e+02	7.7487e+02
2.9966e+00	3.2710e+02	3.3706e+02	7.6720e+02
3.0198e+00	3.2549e+02	3.3528e+02	7.6048e+02
3.0432e+00	3.2394e+02	3.3349e+02	7.5441e+02
3.0667e+00	3.2248e+02	3.3179e+02	7.4917e+02
3.0905e+00	3.2110e+02	3.3023e+02	7.4523e+02
3.1144e+00	3.1973e+02	3.2868e+02	7.4295e+02
3.1385e+00	3.1836e+02	3.2719e+02	7.4135e+02
3.1628e+00	3.1703e+02	3.2577e+02	7.4063e+02
3.1873e+00	3.1579e+02	3.2434e+02	7.4165e+02
3.2120e+00	3.1458e+02	3.2298e+02	7.4271e+02
3.2368e+00	3.1335e+02	3.2161e+02	7.4387e+02
3.2619e+00	3.1211e+02	3.2016e+02	7.4583e+02
3.2871e+00	3.1082e+02	3.1866e+02	7.4771e+02
3.3126e+00	3.0945e+02	3.1715e+02	7.4897e+02
3.3382e+00	3.0811e+02	3.1553e+02	7.5136e+02
3.3641e+00	3.0673e+02	3.1404e+02	7.5329e+02
3.3901e+00	3.0530e+02	3.1254e+02	7.5454e+02
3.4164e+00	3.0386e+02	3.1096e+02	7.5538e+02
3.4428e+00	3.0248e+02	3.0941e+02	7.5629e+02
3.4695e+00	3.0122e+02	3.0796e+02	7.5766e+02
3.4963e+00	2.9973e+02	3.0629e+02	7.5709e+02
3.5234e+00	2.9830e+02	3.0475e+02	7.5650e+02
3.5507e+00	2.9691e+02	3.0324e+02	7.5554e+02
3.5782e+00	2.9552e+02	3.0168e+02	7.5411e+02
3.6059e+00	2.9408e+02	3.0010e+02	7.5225e+02
3.6338e+00	2.9259e+02	2.9854e+02	7.4968e+02
3.6619e+00	2.9121e+02	2.9707e+02	7.4474e+02
3.6902e+00	2.8993e+02	2.9559e+02	7.3989e+02
3.7188e+00	2.8865e+02	2.9412e+02	7.3415e+02
3.7476e+00	2.8731e+02	2.9264e+02	7.2716e+02
3.7766e+00	2.8594e+02	2.9116e+02	7.2011e+02
3.8059e+00	2.8458e+02	2.8968e+02	7.1312e+02
3.8353e+00	2.8323e+02	2.8821e+02	7.0513e+02
3.8650e+00	2.8193e+02	2.8679e+02	6.9666e+02
3.8949e+00	2.8067e+02	2.8543e+02	6.8806e+02
3.9251e+00	2.7934e+02	2.8410e+02	6.7961e+02
3.9555e+00	2.7807e+02	2.8283e+02	6.6934e+02
3.9861e+00	2.7684e+02	2.8149e+02	6.5879e+02
4.0170e+00	2.7560e+02	2.8006e+02	6.4910e+02
4.0481e+00	2.7431e+02	2.7869e+02	6.3927e+02
4.0794e+00	2.7297e+02	2.7743e+02	6.2897e+02
4.1110e+00	2.7175e+02	2.7606e+02	6.1939e+02
4.1428e+00	2.7042e+02	2.7467e+02	6.0913e+02
4.1749e+00	2.6906e+02	2.7322e+02	5.9859e+02
4.2072e+00	2.6771e+02	2.7172e+02	5.8817e+02
4.2398e+00	2.6642e+02	2.7025e+02	5.7816e+02
4.2726e+00	2.6517e+02	2.6888e+02	5.6868e+02
4.3057e+00	2.6379e+02	2.6759e+02	5.5917e+02
4.3390e+00	2.6242e+02	2.6610e+02	5.4992e+02
4.3726e+00	2.6112e+02	2.6468e+02	5.4058e+02
4.4064e+00	2.5988e+02	2.6336e+02	5.3122e+02
4.4405e+00	2.5867e+02	2.6209e+02	5.2206e+02
4.4749e+00	2.5748e+02	2.6085e+02	5.1350e+02
4.5096e+00	2.5641e+02	2.5972e+02	5.0590e+02
4.5445e+00	2.5523e+02	2.5848e+02	4.9830e+02
4.5797e+00	2.5408e+02	2.5726e+02	4.9076e+02
4.6151e+00	2.5301e+02	2.5611e+02	4.8334e+02
4.6508e+00	2.5203e+02	2.5497e+02	4.7611e+02
4.6869e+00	2.5106e+02	2.5388e+02	4.6930e+02
4.7231e+00	2.5004e+02	2.5288e+02	4.6295e+02
4.7597e+00	2.4907e+02	2.5188e+02	4.5672e+02
4.7965e+00	2.4820e+02	2.5088e+02	4.5072e+02
4.8337e+00	2.4743e+02	2.4992e+02	4.4510e+02
4.8711e+00	2.4656e+02	2.4915e+02	4.3963e+02
4.9088e+00	2.4571e+02	2.4838e+02	4.3437e+02
4.9468e+00	2.4496e+02	2.4758e+02	4.2930e+02
4.9851e+00	2.4429e+02	2.4682e+02	4.2437e+02
5.0237e+00	2.4368e+02	2.4615e+02	4.1960e+02
5.0626e+00	2.4307e+02	2.4561e+02	4.1520e+02
5.1018e+00	2.4259e+02	2.4493e+02	4.1105e+02
5.1413e+00	2.4213e+02	2.4430e+02	4.0700e+02
5.1811e+00	2.4170e+02	2.4379e+02	4.0311e+02
5.2212e+00	2.4134e+02	2.4342e+02	3.9945e+02
5.2616e+00	2.4108e+02	2.4316e+02	3.9602e+02
5.3024e+00	2.4093e+02	2.4289e+02	3.9268e+02
5.3434e+00	2.4078e+02	2.4264e+02	3.8951e+02
5.3848e+00	2.4063e+02	2.4253e+02	3.8658e+02
5.4265e+00	2.4054e+02	2.4251e+02	3.8381e+02
5.4685e+00	2.4058e+02	2.4246e+02	3.8111e+02
5.5108e+00	2.4074e+02	2.4246e+02	3.7854e+02
5.5535e+00	2.4089e+02	2.4266e+02	3.7620e+02
5.5965e+00	2.4104e+02	2.4295e+02	3.7395e+02
5.6398e+00	2.4134e+02	2.4328e+02	3.7185e+02
5.6834e+00	2.4176e+02	2.4363e+02	3.6988e+02
5.7274e+00	2.4222e+02	2.4397e+02	3.6804e+02
5.7718e+00	2.4268e+02	2.4439e+02	3.6630e+02
5.8165e+00	2.4317e+02	2.4488e+02	3.6464e+02
5.8615e+00	2.4374e+02	2.4539e+02	3.6312e+02
5.9069e+00	2.4441e+02	2.4599e+02	3.6175e+02
5.9526e+00	2.4517e+02	2.4676e+02	3.6049e+02
5.9987e+00	2.4605e+02	2.4742e+02	3.5916e+02
6.0451e+00	2.4689e+02	2.4822e+02	3.5798e+02
6.0919e+00	2.4771e+02	2.4910e+02	3.5691e+02
6.1391e+00	2.4856e+02	2.4995e+02	3.5583e+02
6.1866e+00	2.4942e+02	2.5074e+02	3.5469e+02
6.2345e+00	2.5019e+02	2.5154e+02	3.5347e+02
6.2828e+00	2.5080e+02	2.5229e+02	3.5191e+02
6.3314e+00	2.5132e+02	2.5281e+02	3.5031e+02
6.3804e+00	2.5175e+02	2.5311e+02	3.4863e+02
6.4298e+00	2.5209e+02	2.5328e+02	3.4681e+02
6.4796e+00	2.5234e+02	2.5348e+02	3.4482e+02
6.5298e+00	2.5250e+02	2.5391e+02	3.4267e+02
6.5803e+00	2.5265e+02	2.5398e+02	3.4048e+02
6.6313e+00	2.5280e+02	2.5401e+02	3.3830e+02
6.6826e+00	2.5291e+02	2.5395e+02	3.3604e+02
6.7343e+00	2.5295e+02	2.5378e+02	3.3364e+02
6.7865e+00	2.5295e+02	2.5377e+02	3.3116e+02
6.8390e+00	2.5298e+02	2.5398e+02	3.2871e+02
6.8919e+00	2.5312e+02	2.5396e+02	3.2637e+02
6.9453e+00	2.5343e+02	2.5424e+02	3.2421e+02
6.9991e+00	2.5408e+02	2.5496e+02	3.2238e+02
7.0533e+00	2.5526e+02	2.5607e+02	3.2108e+02
7.1079e+00	2.5696e+02	2.5779e+02	3.2037e+02
7.1629e+00	2.5974e+02	2.6066e+02	3.2093e+02
7.2183e+00	2.6425e+02	2.6511e+02	3.2342e+02
7.2742e+00	2.7045e+02	2.7111e+02	3.2763e+02
7.3305e+00	2.7874e+02	2.7922e+02	3.3390e+02
7.3873e+00	2.9068e+02	2.9144e+02	3.4413e+02
7.4445e+00	3.0735e+02	3.0801e+02	3.5932e+02
7.5021e+00	3.2920e+02	3.2970e+02	3.7976e+02
7.5602e+00	3.5684e+02	3.5734e+02	4.0591e+02
7.6187e+00	3.9122e+02	3.9176e+02	4.3861e+02
7.6777e+00	4.3335e+02	4.3372e+02	4.7875e+02
7.7371e+00	4.8628e+02	4.8690e+02	5.2862e+02
7.7970e+00	5.4871e+02	5.4951e+02	5.8650e+02
7.8574e+00	6.2018e+02	6.2105e+02	6.5177e+02
7.9182e+00	7.0123e+02	7.0205e+02	7.2474e+02
7.9795e+00	7.9235e+02	7.9311e+02	8.0573e+02
8.0413e+00	8.9368e+02	8.9449e+02	8.9484e+02
8.1036e+00	1.0044e+03	1.0052e+03	9.9133e+02
8.1663e+00	1.1254e+03	1.1263e+03	1.0953e+03
8.2295e+00	1.2505e+03	1.2513e+03	1.2015e+03
8.2932e+00	1.3745e+03	1.3752e+03	1.3062e+03
8.3574e+00	1.4901e+03	1.4909e+03	1.4039e+03
8.4221e+00	1.5946e+03	1.5955e+03	1.4921e+03
8.4873e+00	1.6919e+03	1.6928e+03	1.5732e+03
8.5530e+00	1.7879e+03	1.7887e+03	1.6517e+03
8.6192e+00	1.8870e+03	1.8879e+03	1.7310e+03
8.6860e+00	1.9956e+03	1.9965e+03	1.8164e+03
8.7532e+00	2.1186e+03	2.1195e+03	1.9125e+03
8.8210e+00	2.2546e+03	2.2553e+03	2.0189e+03
8.8893e+00	2.4003e+03	2.4007e+03	2.1339e+03
8.9581e+00	2.5545e+03	2.5548e+03	2.2575e+03
9.0274e+00	2.7148e+03	2.7155e+03	2.3894e+03
9.0973e+00	2.8698e+03	2.8707e+03	2.5239e+03
9.1678e+00	3.0035e+03	3.0048e+03	2.6503e+03
9.2387e+00	3.1137e+03	3.1157e+03	2.7670e+03
9.3102e+00	3.1978e+03	3.2011e+03	2.8713e+03
9.3823e+00	3.2537e+03	3.2585e+03	2.9602e+03
9.4550e+00	3.2795e+03	3.2856e+03	3.0304e+03
9.5282e+00	3.2673e+03	3.2733e+03	3.0742e+03
9.6019e+00	3.2288e+03	3.2360e+03	3.0948e+03
9.6763e+00	3.1770e+03	3.1848e+03	3.1014e+03
9.7512e+00	3.1176e+03	3.1256e+03	3.0973e+03
9.8267e+00	3.0562e+03	3.0642e+03	3.0859e+03
9.9027e+00	2.9968e+03	3.0046e+03	3.0706e+03
9.9794e+00	2.9403e+03	2.9481e+03	3.0541e+03
1.0057e+01	2.8884e+03	2.8971e+03	3.0390e+03
1.0135e+01	2.8376e+03	2.8465e+03	3.0244e+03
1.0213e+01	2.7843e+03	2.7924e+03	3.0083e+03
1.0292e+01	2.7242e+03	2.7327e+03	2.9862e+03
1.0372e+01	2.6522e+03	2.6610e+03	2.9518e+03
1.0452e+01	2.5663e+03	2.5738e+03	2.9013e+03
1.0533e+01	2.4714e+03	2.4782e+03	2.8377e+03
1.0614e+01	2.3739e+03	2.3808e+03	2.7647e+03
1.0697e+01	2.2807e+03	2.2880e+03	2.6895e+03
1.0779e+01	2.1920e+03	2.1994e+03	2.6131e+03
1.0863e+01	2.1093e+03	2.1165e+03	2.5386e+03
1.0947e+01	2.0330e+03	2.0399e+03	2.4679e+03
1.1032e+01	1.9625e+03	1.9692e+03	2.4006e+03
1.1117e+01	1.8957e+03	1.9021e+03	2.3352e+03
1.1203e+01	1.8292e+03	1.8356e+03	2.2684e+03
1.1290e+01	1.7647e+03	1.7708e+03	2.2010e+03
1.1377e+01	1.7037e+03	1.7096e+03	2.1354e+03
1.1465e+01	1.6457e+03	1.6513e+03	2.0717e+03
1.1554e+01	1.5907e+03	1.5960e+03	2.0105e+03
1.1644e+01	1.5381e+03	1.5432e+03	1.9513e+03
1.1734e+01	1.4867e+03	1.4917e+03	1.8932e+03
1.1825e+01	1.4332e+03	1.4380e+03	1.8314e+03
1.1916e+01	1.3793e+03	1.3839e+03	1.7681e+03
1.2008e+01	1.3244e+03	1.3289e+03	1.7018e+03
1.2101e+01	1.2723e+03	1.2765e+03	1.6375e+03
1.2195e+01	1.2240e+03	1.2281e+03	1.5766e+03
1.2289e+01	1.1805e+03	1.1843e+03	1.5202e+03
1.2385e+01	1.1392e+03	1.1429e+03	1.4666e+03
1.2480e+01	1.0978e+03	1.1014e+03	1.4128e+03
1.2577e+01	1.0561e+03	1.0594e+03	1.3581e+03
1.2674e+01	1.0161e+03	1.0192e+03	1.3048e+03
1.2773e+01	9.7702e+02	9.7992e+02	1.2520e+03
1.2871e+01	9.3855e+02	9.4125e+02	1.1996e+03
1.2971e+01	9.0364e+02	9.0622e+02	1.1512e+03
1.3072e+01	8.7183e+02	8.7429e+02	1.1065e+03
1.3173e+01	8.4224e+02	8.4452e+02	1.0645e+03
1.3275e+01	8.1386e+02	8.1605e+02	1.0242e+03
1.3377e+01	7.8606e+02	7.8820e+02	9.8467e+02
1.3481e+01	7.5949e+02	7.6154e+02	9.4661e+02
1.3585e+01	7.3500e+02	7.3692e+02	9.1100e+02
1.3691e+01	7.1288e+02	7.1466e+02	8.7814e+02
1.3797e+01	6.9357e+02	6.9532e+02	8.4841e+02
1.3903e+01	6.8138e+02	6.8297e+02	8.2757e+02
1.4011e+01	6.7358e+02	6.7501e+02	8.1224e+02
1.4119e+01	6.6966e+02	6.7098e+02	8.0170e+02
1.4229e+01	6.6971e+02	6.7098e+02	7.9595e+02
1.4339e+01	6.7386e+02	6.7514e+02	7.9517e+02
1.4450e+01	6.8185e+02	6.8315e+02	7.9918e+02
1.4562e+01	6.9265e+02	6.9398e+02	8.0707e+02
1.4675e+01	7.0568e+02	7.0695e+02	8.1763e+02
1.4788e+01	7.2006e+02	7.2123e+02	8.2983e+02
1.4903e+01	7.3507e+02	7.3613e+02	8.4286e+02
1.5018e+01	7.5003e+02	7.5103e+02	8.5609e+02
1.5134e+01	7.6524e+02	7.6627e+02	8.6985e+02
1.5251e+01	7.8236e+02	7.8343e+02	8.8569e+02
1.5370e+01	8.0022e+02	8.0132e+02	9.0238e+02
1.5489e+01	8.1828e+02	8.1942e+02	9.1941e+02
1.5608e+01	8.3692e+02	8.3809e+02	9.3723e+02
1.5729e+01	8.5623e+02	8.5736e+02	9.5591e+02
1.5851e+01	8.7613e+02	8.7719e+02	9.7536e+02
1.5974e+01	8.9635e+02	8.9742e+02	9.9525e+02
1.6097e+01	9.1648e+02	9.1760e+02	1.0151e+03
1.6222e+01	9.3621e+02	9.3737e+02	1.0346e+03
1.6348e+01	9.5618e+02	9.5737e+02	1.0546e+03
1.6474e+01	9.7614e+02	9.7728e+02	1.0748e+03
1.6602e+01	9.9575e+02	9.9688e+02	1.0949e+03
1.6730e+01	1.0148e+03	1.0160e+03	1.1146e+03
1.6860e+01	1.0332e+03	1.0344e+03	1.1335e+03
1.6990e+01	1.0505e+03	1.0516e+03	1.1514e+03
1.7122e+01	1.0654e+03	1.0666e+03	1.1670e+03
1.7254e+01	1.0797e+03	1.0809e+03	1.1822e+03
1.7388e+01	1.0931e+03	1.0943e+03	1.1966e+03
1.7523e+01	1.1053e+03	1.1065e+03	1.2099e+03
1.7658e+01	1.1159e+03	1.1172e+03	1.2217e+03
1.7795e+01	1.1244e+03	1.1257e+03	1.2313e+03
1.7933e+01	1.1295e+03	1.1309e+03	1.2376e+03
1.8071e+01	1.1327e+03	1.1340e+03	1.2417e+03
1.8211e+01	1.1341e+03	1.1354e+03	1.2442e+03
1.8352e+01	1.1340e+03	1.1353e+03	1.2451e+03
1.8494e+01	1.1315e+03	1.1328e+03	1.2436e+03
1.8638e+01	1.1266e+03	1.1279e+03	1.2397e+03
1.8782e+01	1.1195e+03	1.1208e+03	1.2332e+03
1.8927e+01	1.1104e+03	1.1117e+03	1.2245e+03
1.9074e+01	1.0991e+03	1.1004e+03	1.2132e+03
1.9222e+01	1.0863e+03	1.0877e+03	1.2004e+03
1.9370e+01	1.0716e+03	1.0729e+03	1.1853e+03
1.9520e+01	1.0551e+03	1.0563e+03	1.1682e+03
1.9671e+01	1.0373e+03	1.0386e+03	1.1498e+03
1.9824e+01	1.0185e+03	1.0198e+03	1.1301e+03
1.9977e+01	9.9899e+02	1.0002e+03	1.1095e+03
2.0132e+01	9.7946e+02	9.8053e+02	1.0883e+03
2.0288e+01	9.6061e+02	9.6170e+02	1.0677e+03
2.0445e+01	9.4311e+02	9.4426e+02	1.0484e+03
2.0603e+01	9.2685e+02	9.2799e+02	1.0304e+03
2.0762e+01	9.1122e+02	9.1233e+02	1.0130e+03
2.0923e+01	8.9556e+02	8.9664e+02	9.9570e+02
2.1085e+01	8.7959e+02	8.8064e+02	9.7809e+02
2.1248e+01	8.6404e+02	8.6506e+02	9.6067e+02
2.1413e+01	8.4929e+02	8.5029e+02	9.4403e+02
2.1579e+01	8.3532e+02	8.3628e+02	9.2822e+02
2.1746e+01	8.2214e+02	8.2308e+02	9.1331e+02
2.1914e+01	8.0924e+02	8.1015e+02	8.9873e+02
2.2084e+01	7.9543e+02	7.9631e+02	8.8325e+02
2.2255e+01	7.8066e+02	7.8152e+02	8.6672e+02
2.2427e+01	7.6595e+02	7.6678e+02	8.5017e+02
2.2601e+01	7.5177e+02	7.5258e+02	8.3412e+02
2.2776e+01	7.3814e+02	7.3892e+02	8.1862e+02
2.2952e+01	7.2535e+02	7.2611e+02	8.0407e+02
2.3130e+01	7.1359e+02	7.1432e+02	7.9068e+02
2.3309e+01	7.0242e+02	7.0312e+02	7.7784e+02
2.3489e+01	6.9124e+02	6.9192e+02	7.6499e+02
2.3671e+01	6.7963e+02	6.8030e+02	7.5179e+02
2.3854e+01	6.6870e+02	6.6946e+02	7.3932e+02
2.4039e+01	6.5810e+02	6.5892e+02	7.2716e+02
2.4225e+01	6.4752e+02	6.4831e+02	7.1500e+02
2.4413e+01	6.3695e+02	6.3765e+02	7.0291e+02
2.4602e+01	6.2639e+02	6.2695e+02	6.9090e+02
2.4792e+01	6.1575e+02	6.1629e+02	6.7886e+02
2.4984e+01	6.0552e+02	6.0604e+02	6.6725e+02
2.5177e+01	5.9533e+02	5.9590e+02	6.5563e+02
2.5372e+01	5.8529e+02	5.8590e+02	6.4413e+02
2.5569e+01	5.7556e+02	5.7613e+02	6.3298e+02
2.5767e+01	5.6616e+02	5.6661e+02	6.2219e+02
2.5966e+01	5.5679e+02	5.5721e+02	6.1145e+02
2.6167e+01	5.4746e+02	5.4798e+02	6.0083e+02
2.6370e+01	5.3837e+02	5.3896e+02	5.9050e+02
2.6574e+01	5.2953e+02	5.3009e+02	5.8040e+02
2.6780e+01	5.2084e+02	5.2130e+02	5.7046e+02
2.6987e+01	5.1234e+02	5.1268e+02	5.6070e+02
2.7196e+01	5.0402e+02	5.0435e+02	5.5115e+02
2.7406e+01	4.9556e+02	4.9587e+02	5.4148e+02
2.7619e+01	4.8735e+02	4.8770e+02	5.3218e+02
2.7832e+01	4.7945e+02	4.7989e+02	5.2326e+02
2.8048e+01	4.7172e+02	4.7219e+02	5.1453e+02
2.8265e+01	4.6418e+02	4.6463e+02	5.0595e+02
2.8484e+01	4.5672e+02	4.5716e+02	4.9745e+02
2.8704e+01	4.4920e+02	4.4963e+02	4.8891e+02
2.8926e+01	4.4185e+02	4.4226e+02	4.8058e+02
2.9150e+01	4.3491e+02	4.3531e+02	4.7277e+02
2.9376e+01	4.2796e+02	4.2835e+02	4.6490e+02
2.9604e+01	4.2111e+02	4.2149e+02	4.5711e+02
2.9833e+01	4.1438e+02	4.1474e+02	4.4946e+02
3.0064e+01	4.0773e+02	4.0808e+02	4.4193e+02
3.0296e+01	4.0111e+02	4.0144e+02	4.3449e+02
3.0531e+01	3.9441e+02	3.9473e+02	4.2700e+02
3.0767e+01	3.8794e+02	3.8826e+02	4.1977e+02
3.1005e+01	3.8172e+02	3.8203e+02	4.1278e+02
3.1246e+01	3.7581e+02	3.7610e+02	4.0607e+02
3.1487e+01	3.6985e+02	3.7013e+02	3.9919e+02
3.1731e+01	3.6400e+02	3.6426e+02	3.9253e+02
3.1977e+01	3.5826e+02	3.5852e+02	3.8613e+02
3.2224e+01	3.5263e+02	3.5287e+02	3.7971e+02
3.2474e+01	3.4703e+02	3.4726e+02	3.7345e+02
3.2725e+01	3.4147e+02	3.4169e+02	3.6739e+02
3.2979e+01	3.3601e+02	3.3637e+02	3.6129e+02
3.3234e+01	3.3065e+02	3.3101e+02	3.5528e+02
3.3491e+01	3.2541e+02	3.2561e+02	3.4939e+02
3.3750e+01	3.2073e+02	3.2092e+02	3.4403e+02
3.4012e+01	3.1594e+02	3.1611e+02	3.3864e+02
3.4275e+01	3.1100e+02	3.1116e+02	3.3319e+02
3.4540e+01	3.0636e+02	3.0651e+02	3.2795e+02
3.4808e+01	3.0180e+02	3.0195e+02	3.2279e+02
3.5077e+01	2.9732e+02	2.9745e+02	3.1768e+02
3.5349e+01	2.9284e+02	2.9297e+02	3.1269e+02
3.5623e+01	2.8847e+02	2.8859e+02	3.0786e+02
3.5898e+01	2.8419e+02	2.8430e+02	3.0318e+02
3.6176e+01	2.7998e+02	2.8008e+02	2.9842e+02
3.6456e+01	2.7582e+02	2.7591e+02	2.9378e+02
3.6738e+01	2.7170e+02	2.7178e+02	2.8925e+02
3.7023e+01	2.6770e+02	2.6777e+02	2.8482e+02
3.7310e+01	2.6380e+02	2.6387e+02	2.8044e+02
3.7598e+01	2.5997e+02	2.6004e+02	2.7610e+02
3.7889e+01	2.5591e+02	2.5612e+02	2.7177e+02
3.8183e+01	2.5191e+02	2.5218e+02	2.6743e+02
3.8478e+01	2.4795e+02	2.4821e+02	2.6308e+02
3.8776e+01	2.4410e+02	2.4435e+02	2.5884e+02
3.9076e+01	2.4032e+02	2.4057e+02	2.5465e+02
3.9379e+01	2.3659e+02	2.3683e+02	2.5050e+02
3.9684e+01	2.3289e+02	2.3313e+02	2.4655e+02
3.9991e+01	2.2930e+02	2.2949e+02	2.4260e+02
4.0301e+01	2.2577e+02	2.2590e+02	2.3865e+02
4.0613e+01	2.2229e+02	2.2241e+02	2.3482e+02
4.0927e+01	2.1877e+02	2.1889e+02	2.3100e+02
4.1244e+01	2.1525e+02	2.1536e+02	2.2718e+02
4.1563e+01	2.1183e+02	2.1194e+02	2.2343e+02
4.1885e+01	2.0844e+02	2.0854e+02	2.1971e+02
4.2209e+01	2.0507e+02	2.0519e+02	2.1604e+02
4.2536e+01	2.0191e+02	2.0201e+02	2.1258e+02
4.2865e+01	1.9871e+02	1.9881e+02	2.0910e+02
4.3197e+01	1.9550e+02	1.9559e+02	2.0561e+02
4.3532e+01	1.9241e+02	1.9252e+02	2.0226e+02
4.3869e+01	1.8937e+02	1.8947e+02	1.9896e+02
4.4208e+01	1.8635e+02	1.8645e+02	1.9569e+02
4.4550e+01	1.8338e+02	1.8347e+02	1.9246e+02
4.4895e+01	1.8045e+02	1.8054e+02	1.8928e+02
4.5243e+01	1.7755e+02	1.7763e+02	1.8613e+02
4.5593e+01	1.7468e+02	1.7476e+02	1.8304e+02
4.5946e+01	1.7185e+02	1.7192e+02	1.7998e+02
4.6302e+01	1.6906e+02	1.6913e+02	1.7697e+02
4.6660e+01	1.6637e+02	1.6645e+02	1.7407e+02
4.7021e+01	1.6370e+02	1.6377e+02	1.7118e+02
4.7385e+01	1.6104e+02	1.6111e+02	1.6831e+02
4.7752e+01	1.5844e+02	1.5851e+02	1.6552e+02
4.8122e+01	1.5592e+02	1.5598e+02	1.6280e+02
4.8495e+01	1.5342e+02	1.5347e+02	1.6011e+02
4.8870e+01	1.5093e+02	1.5100e+02	1.5745e+02
4.9248e+01	1.4850e+02	1.4857e+02	1.5485e+02
4.9630e+01	1.4610e+02	1.4616e+02	1.5226e+02
5.0014e+01	1.4371e+02	1.4376e+02	1.4970e+02
5.0401e+01	1.4136e+02	1.4142e+02	1.4718e+02
5.0791e+01	1.3905e+02	1.3911e+02	1.4471e+02
5.1184e+01	1.3683e+02	1.3689e+02	1.4234e+02
5.1581e+01	1.3459e+02	1.3465e+02	1.3994e+02
5.1980e+01	1.3238e+02	1.3242e+02	1.3756e+02
5.2382e+01	1.3023e+02	1.3028e+02	1.3528e+02
5.2788e+01	1.2812e+02	1.2817e+02	1.3304e+02
5.3197e+01	1.2603e+02	1.2608e+02	1.3081e+02
5.3608e+01	1.2396e+02	1.2400e+02	1.2861e+02
5.4023e+01	1.2195e+02	1.2199e+02	1.2646e+02
5.4442e+01	1.1997e+02	1.2000e+02	1.2434e+02
5.4863e+01	1.1803e+02	1.1807e+02	1.2228e+02
5.5288e+01	1.1614e+02	1.1618e+02	1.2026e+02
5.5716e+01	1.1425e+02	1.1430e+02	1.1826e+02
5.6147e+01	1.1240e+02	1.1244e+02	1.1629e+02
5.6582e+01	1.1054e+02	1.1058e+02	1.1433e+02
5.7020e+01	1.0870e+02	1.0873e+02	1.1238e+02
5.7461e+01	1.0691e+02	1.0694e+02	1.1047e+02
5.7906e+01	1.0520e+02	1.0523e+02	1.0866e+02
5.8354e+01	1.0349e+02	1.0352e+02	1.0686e+02
5.8806e+01	1.0176e+02	1.0180e+02	1.0503e+02
5.9262e+01	1.0008e+02	1.0012e+02	1.0327e+02
5.9720e+01	9.8435e+01	9.8472e+01	1.0153e+02
6.0183e+01	9.6836e+01	9.6870e+01	9.9846e+01
6.0649e+01	9.5224e+01	9.5255e+01	9.8134e+01
6.1118e+01	9.3633e+01	9.3661e+01	9.6449e+01
6.1591e+01	9.2088e+01	9.2114e+01	9.4832e+01
6.2068e+01	9.0623e+01	9.0645e+01	9.3282e+01
6.2549e+01	8.9160e+01	8.9184e+01	9.1741e+01
6.3033e+01	8.7682e+01	8.7718e+01	9.0200e+01
6.3521e+01	8.6272e+01	8.6295e+01	8.8706e+01
6.4013e+01	8.4865e+01	8.4876e+01	8.7222e+01
6.4508e+01	8.3450e+01	8.3458e+01	8.5745e+01
6.5007e+01	8.2077e+01	8.2096e+01	8.4313e+01
6.5511e+01	8.0716e+01	8.0740e+01	8.2888e+01
6.6018e+01	7.9366e+01	7.9387e+01	8.1465e+01
6.6529e+01	7.8061e+01	7.8080e+01	8.0098e+01
6.7044e+01	7.6790e+01	7.6807e+01	7.8768e+01
6.7563e+01	7.5565e+01	7.5580e+01	7.7484e+01
6.8086e+01	7.4317e+01	7.4342e+01	7.6188e+01
6.8613e+01	7.3096e+01	7.3122e+01	7.4911e+01
6.9144e+01	7.1920e+01	7.1929e+01	7.3662e+01
6.9680e+01	7.0719e+01	7.0739e+01	7.2423e+01
7.0219e+01	6.9549e+01	6.9574e+01	7.1207e+01
7.0763e+01	6.8420e+01	6.8442e+01	7.0020e+01
7.1311e+01	6.7310e+01	6.7331e+01	6.8867e+01
7.1863e+01	6.6213e+01	6.6232e+01	6.7724e+01
7.2419e+01	6.5132e+01	6.5148e+01	6.6594e+01
7.2980e+01	6.4069e+01	6.4083e+01	6.5487e+01
7.3545e+01	6.3012e+01	6.3031e+01	6.4390e+01
7.4114e+01	6.1961e+01	6.1993e+01	6.3305e+01
7.4688e+01	6.0989e+01	6.1004e+01	6.2287e+01
7.5266e+01	6.0002e+01	6.0014e+01	6.1262e+01
7.5849e+01	5.8997e+01	5.9023e+01	6.0227e+01
7.6436e+01	5.8055e+01	5.8066e+01	5.9239e+01
7.7028e+01	5.7108e+01	5.7108e+01	5.8247e+01
7.7624e+01	5.6153e+01	5.6152e+01	5.7250e+01
7.8225e+01	5.5243e+01	5.5254e+01	5.6323e+01
7.8830e+01	5.4346e+01	5.4363e+01	5.5396e+01
7.9441e+01	5.3462e+01	5.3477e+01	5.4470e+01
8.0056e+01	5.2596e+01	5.2610e+01	5.3571e+01
8.0675e+01	5.1752e+01	5.1765e+01	5.2702e+01
8.1300e+01	5.0928e+01	5.0938e+01	5.1859e+01
8.1929e+01	5.0091e+01	5.0101e+01	5.0993e+01
8.2564e+01	4.9273e+01	4.9281e+01	5.0144e+01
8.3203e+01	4.8472e+01	4.8478e+01	4.9310e+01
8.3847e+01	4.7695e+01	4.7714e+01	4.8518e+01
8.4496e+01	4.6924e+01	4.6940e+01	4.7722e+01
8.5150e+01	4.6159e+01	4.6160e+01	4.6924e+01
8.5809e+01	4.5418e+01	4.5418e+01	4.6167e+01
8.6474e+01	4.4683e+01	4.4690e+01	4.5417e+01
8.7143e+01	4.3955e+01	4.3974e+01	4.4673e+01
8.7818e+01	4.3250e+01	4.3267e+01	4.3936e+01
8.8498e+01	4.2560e+01	4.2568e+01	4.3221e+01
8.9183e+01	4.1881e+01	4.1874e+01	4.2521e+01
8.9873e+01	4.1210e+01	4.1202e+01	4.1824e+01
9.0569e+01	4.0548e+01	4.0538e+01	4.1141e+01
9.1270e+01	3.9890e+01	3.9881e+01	4.0467e+01
9.1977e+01	3.9238e+01	3.9242e+01	3.9804e+01
9.2689e+01	3.8604e+01	3.8613e+01	3.9151e+01
9.3406e+01	3.7983e+01	3.7990e+01	3.8509e+01
9.4129e+01	3.7389e+01	3.7395e+01	3.7903e+01
9.4858e+01	3.6804e+01	3.6809e+01	3.7302e+01
9.5593e+01	3.6222e+01	3.6226e+01	3.6702e+01
9.6333e+01	3.5631e+01	3.5634e+01	3.6094e+01
9.7078e+01	3.5054e+01	3.5057e+01	3.5509e+01
9.7830e+01	3.4487e+01	3.4491e+01	3.4938e+01
9.8587e+01	3.3928e+01	3.3945e+01	3.4366e+01
9.9350e+01	3.3385e+01	3.3406e+01	3.3806e+01
1.0012e+02	3.2853e+01	3.2870e+01	3.3256e+01
1.0089e+02	3.2339e+01	3.2340e+01	3.2729e+01
1.0168e+02	3.1812e+01	3.1816e+01	3.2194e+01
1.0246e+02	3.1285e+01	3.1301e+01	3.1661e+01
1.0326e+02	3.0789e+01	3.0805e+01	3.1151e+01
1.0406e+02	3.0310e+01	3.0315e+01	3.0655e+01
1.0486e+02	2.9834e+01	2.9828e+01	3.0164e+01
1.0567e+02	2.9342e+01	2.9351e+01	2.9672e+01
1.0649e+02	2.8884e+01	2.8896e+01	2.9205e+01
1.0732e+02	2.8437e+01	2.8447e+01	2.8743e+01
1.0815e+02	2.7980e+01	2.7989e+01	2.8271e+01
1.0898e+02	2.7520e+01	2.7529e+01	2.7803e+01
1.0983e+02	2.7071e+01	2.7075e+01	2.7346e+01
1.1068e+02	2.6654e+01	2.6644e+01	2.6915e+01
1.1153e+02	2.6246e+01	2.6231e+01	2.6499e+01
1.1240e+02	2.5835e+01	2.5823e+01	2.6085e+01
1.1327e+02	2.5409e+01	2.5411e+01	2.5659e+01
1.1414e+02	2.5014e+01	2.5018e+01	2.5252e+01
1.1503e+02	2.4623e+01	2.4627e+01	2.4849e+01
1.1592e+02	2.4219e+01	2.4221e+01	2.4444e+01
1.1682e+02	2.3846e+01	2.3847e+01	2.4059e+01
1.1772e+02	2.3479e+01	2.3480e+01	2.3680e+01
1.1863e+02	2.3109e+01	2.3109e+01	2.3310e+01
1.1955e+02	2.2730e+01	2.2732e+01	2.2928e+01
1.2048e+02	2.2359e+01	2.2361e+01	2.2552e+01
1.2141e+02	2.2012e+01	2.2015e+01	2.2201e+01
1.2235e+02	2.1661e+01	2.1664e+01	2.1842e+01
1.2330e+02	2.1318e+01	2.1320e+01	2.1491e+01
1.2425e+02	2.0996e+01	2.0997e+01	2.1165e+01
1.2521e+02	2.0659e+01	2.0661e+01	2.0825e+01
1.2618e+02	2.0325e+01	2.0328e+01	2.0486e+01
1.2716e+02	2.0012e+01	2.0013e+01	2.0165e+01
1.2814e+02	1.9693e+01	1.9695e+01	1.9843e+01
1.2913e+02	1.9376e+01	1.9378e+01	1.9522e+01
1.3013e+02	1.9065e+01	1.9067e+01	1.9207e+01
1.3114e+02	1.8766e+01	1.8767e+01	1.8903e+01
1.3216e+02	1.8474e+01	1.8475e+01	1.8606e+01
1.3318e+02	1.8190e+01	1.8192e+01	1.8319e+01
1.3421e+02	1.7905e+01	1.7906e+01	1.8028e+01
1.3525e+02	1.7623e+01	1.7624e+01	1.7741e+01
1.3630e+02	1.7350e+01	1.7351e+01	1.7466e+01
1.3735e+02	1.7073e+01	1.7074e+01	1.7188e+01
1.3842e+02	1.6800e+01	1.6802e+01	1.6911e+01
1.3949e+02	1.6537e+01	1.6538e+01	1.6641e+01
1.4057e+02	1.6284e+01	1.6286e+01	1.6386e+01
1.4166e+02	1.6031e+01	1.6034e+01	1.6131e+01
1.4275e+02	1.5777e+01	1.5779e+01	1.5874e+01
1.4386e+02	1.5527e+01	1.5528e+01	1.5620e+01
1.4497e+02	1.5282e+01	1.5283e+01	1.5373e+01
1.4609e+02	1.5043e+01	1.5044e+01	1.5134e+01
1.4722e+02	1.4808e+01	1.4810e+01	1.4893e+01
1.4836e+02	1.4574e+01	1.4576e+01	1.4655e+01
1.4951e+02	1.4343e+01	1.4344e+01	1.4421e+01
1.5067e+02	1.4122e+01	1.4123e+01	1.4199e+01
1.5184e+02	1.3902e+01	1.3903e+01	1.3977e+01
1.5301e+02	1.3680e+01	1.3682e+01	1.3757e+01
1.5420e+02	1.3474e+01	1.3474e+01	1.3549e+01
1.5539e+02	1.3267e+01	1.3266e+01	1.3338e+01
1.5659e+02	1.3057e+01	1.3056e+01	1.3123e+01
1.5781e+02	1.2852e+01	1.2851e+01	1.2916e+01
1.5903e+02	1.2649e+01	1.2649e+01	1.2713e+01
1.6026e+02	1.2450e+01	1.2450e+01	1.2514e+01
1.6150e+02	1.2255e+01	1.2256e+01	1.2314e+01
1.6275e+02	1.2065e+01	1.2067e+01	1.2121e+01
1.6401e+02	1.1881e+01	1.1882e+01	1.1936e+01
1.6528e+02	1.1696e+01	1.1697e+01	1.1753e+01
1.6656e+02	1.1512e+01	1.1512e+01	1.1569e+01
1.6785e+02	1.1330e+01	1.1330e+01	1.1383e+01
1.6915e+02	1.1154e+01	1.1155e+01	1.1204e+01
1.7046e+02	1.0981e+01	1.0982e+01	1.1027e+01
1.7178e+02	1.0810e+01	1.0809e+01	1.0852e+01
1.7311e+02	1.0641e+01	1.0641e+01	1.0685e+01
1.7445e+02	1.0475e+01	1.0476e+01	1.0520e+01
1.7580e+02	1.0314e+01	1.0314e+01	1.0356e+01
1.7716e+02	1.0152e+01	1.0151e+01	1.0189e+01
1.7853e+02	9.9945e+00	9.9940e+00	1.0030e+01
1.7991e+02	9.8419e+00	9.8412e+00	9.8791e+00
1.8130e+02	9.6881e+00	9.6886e+00	9.7254e+00
1.8271e+02	9.5378e+00	9.5387e+00	9.5761e+00
1.8412e+02	9.3908e+00	9.3915e+00	9.4312e+00
1.8555e+02	9.2412e+00	9.2415e+00	9.2799e+00
1.8698e+02	9.0957e+00	9.0958e+00	9.1338e+00
1.8843e+02	8.9538e+00	8.9536e+00	8.9917e+00
1.8989e+02	8.8164e+00	8.8159e+00	8.8482e+00
1.9136e+02	8.6800e+00	8.6800e+00	8.7069e+00
1.9284e+02	8.5440e+00	8.5451e+00	8.5672e+00
1.9434e+02	8.4129e+00	8.4138e+00	8.4379e+00
1.9584e+02	8.2825e+00	8.2832e+00	8.3082e+00
1.9736e+02	8.1530e+00	8.1533e+00	8.1785e+00
1.9888e+02	8.0262e+00	8.0263e+00	8.0524e+00
2.0042e+02	7.9029e+00	7.9028e+00	7.9273e+00
2.0198e+02	7.7820e+00	7.7817e+00	7.8040e+00
2.0354e+02	7.6621e+00	7.6615e+00	7.6915e+00
2.0511e+02	7.5427e+00	7.5419e+00	7.5711e+00
2.0670e+02	7.4239e+00	7.4231e+00	7.4463e+00
2.0830e+02	7.3072e+00	7.3076e+00	7.3320e+00
2.0992e+02	7.1944e+00	7.1952e+00	7.2172e+00
2.1154e+02	7.0845e+00	7.0850e+00	7.1034e+00
2.1318e+02	6.9788e+00	6.9791e+00	6.9986e+00
2.1483e+02	6.8713e+00	6.8715e+00	6.8904e+00
2.1649e+02	6.7632e+00	6.7631e+00	6.7805e+00
2.1817e+02	6.6596e+00	6.6593e+00	6.6760e+00
2.1986e+02	6.5561e+00	6.5556e+00	6.5717e+00
2.2156e+02	6.4533e+00	6.4527e+00	6.4685e+00
2.2327e+02	6.3543e+00	6.3551e+00	6.3705e+00
2.2500e+02	6.2575e+00	6.2577e+00	6.2737e+00
2.2674e+02	6.1616e+00	6.1605e+00	6.1772e+00
2.2850e+02	6.0649e+00	6.0652e+00	6.0799e+00
2.3027e+02	5.9695e+00	5.9701e+00	5.9843e+00
2.3205e+02	5.8760e+00	5.8764e+00	5.8906e+00
2.3385e+02	5.7883e+00	5.7886e+00	5.8022e+00
2.3566e+02	5.6978e+00	5.6979e+00	5.7114e+00
2.3748e+02	5.6076e+00	5.6075e+00	5.6207e+00
2.3932e+02	5.5241e+00	5.5237e+00	5.5355e+00
2.4117e+02	5.4398e+00	5.4403e+00	5.4516e+00
2.4304e+02	5.3553e+00	5.3565e+00	5.3678e+00
2.4492e+02	5.2712e+00	5.2709e+00	5.2820e+00
2.4682e+02	5.1898e+00	5.1899e+00	5.2006e+00
2.4873e+02	5.1101e+00	5.1108e+00	5.1212e+00
2.5065e+02	5.0332e+00	5.0323e+00	5.0424e+00
2.5260e+02	4.9567e+00	4.9553e+00	4.9653e+00
2.5455e+02	4.8797e+00	4.8785e+00	4.8883e+00
2.5652e+02	4.8010e+00	4.8011e+00	4.8108e+00
2.5851e+02	4.7270e+00	4.7274e+00	4.7370e+00
2.6051e+02	4.6546e+00	4.6549e+00	4.6639e+00
2.6253e+02	4.5828e+00	4.5828e+00	4.5902e+00
2.6456e+02	4.5122e+00	4.5122e+00	4.5201e+00
2.6661e+02	4.4424e+00	4.4423e+00	4.4510e+00
2.6867e+02	4.3743e+00	4.3739e+00	4.3826e+00
2.7075e+02	4.3080e+00	4.3075e+00	4.3151e+00
2.7285e+02	4.2419e+00	4.2413e+00	4.2479e+00
2.7496e+02	4.1753e+00	4.1746e+00	4.1809e+00
2.7709e+02	4.1099e+00	4.1102e+00	4.1162e+00
2.7923e+02	4.0452e+00	4.0465e+00	4.0523e+00
2.8139e+02	3.9823e+00	3.9834e+00	3.9889e+00
2.8357e+02	3.9216e+00	3.9215e+00	3.9279e+00
2.8577e+02	3.8616e+00	3.8607e+00	3.8676e+00
2.8798e+02	3.8022e+00	3.8027e+00	3.8082e+00
2.9021e+02	3.7436e+00	3.7442e+00	3.7492e+00
2.9246e+02	3.6859e+00	3.6860e+00	3.6910e+00
2.9472e+02	3.6299e+00	3.6284e+00	3.6346e+00
2.9700e+02	3.5734e+00	3.5728e+00	3.5780e+00
2.9930e+02	3.5176e+00	3.5179e+00	3.5226e+00
3.0162e+02	3.4635e+00	3.4637e+00	3.4695e+00
3.0395e+02	3.4114e+00	3.4114e+00	3.4163e+00
3.0631e+02	3.3595e+00	3.3593e+00	3.3633e+00
3.0868e+02	3.3071e+00	3.3069e+00	3.3109e+00
3.1107e+02	3.2556e+00	3.2554e+00	3.2603e+00
3.1347e+02	3.2045e+00	3.2047e+00	3.2098e+00
3.1590e+02	3.1539e+00	3.1554e+00	3.1592e+00
3.1835e+02	3.1068e+00	3.1072e+00	3.1107e+00
3.2081e+02	3.0599e+00	3.0592e+00	3.0631e+00
3.2330e+02	3.0126e+00	3.0118e+00	3.0168e+00
3.2580e+02	2.9677e+00	2.9667e+00	2.9705e+00
3.2832e+02	2.9226e+00	2.9216e+00	2.9244e+00
3.3086e+02	2.8770e+00	2.8760e+00	2.8788e+00
3.3342e+02	2.8335e+00	2.8324e+00	2.8360e+00
3.3601e+02	2.7894e+00	2.7888e+00	2.7927e+00
3.3861e+02	2.7443e+00	2.7451e+00	2.7479e+00
3.4123e+02	2.7023e+00	2.7032e+00	2.7059e+00
3.4387e+02	2.6611e+00	2.6612e+00	2.6643e+00
3.4653e+02	2.6207e+00	2.6193e+00	2.6234e+00
3.4921e+02	2.5819e+00	2.5803e+00	2.5844e+00
3.5192e+02	2.5426e+00	2.5415e+00	2.5451e+00
3.5464e+02	2.5023e+00	2.5027e+00	2.5052e+00
3.5739e+02	2.4641e+00	2.4645e+00	2.4679e+00
3.6015e+02	2.4269e+00	2.4272e+00	2.4304e+00
3.6294e+02	2.3907e+00	2.3909e+00	2.3925e+00
3.6575e+02	2.3528e+00	2.3529e+00	2.3543e+00
3.6858e+02	2.3151e+00	2.3152e+00	2.3171e+00
3.7144e+02	2.2781e+00	2.2782e+00	2.2811e+00
3.7431e+02	2.2444e+00	2.2445e+00	2.2470e+00
3.7721e+02	2.2108e+00	2.2109e+00	2.2130e+00
3.8013e+02	2.1772e+00	2.1772e+00	2.1792e+00
3.8307e+02	2.1442e+00	2.1441e+00	2.1460e+00
3.8604e+02	2.1112e+00	2.1112e+00	2.1130e+00
3.8903e+02	2.0783e+00	2.0784e+00	2.0800e+00
3.9204e+02	2.0466e+00	2.0468e+00	2.0483e+00
3.9507e+02	2.0150e+00	2.0151e+00	2.0166e+00
3.9813e+02	1.9835e+00	1.9834e+00	1.9850e+00
4.0122e+02	1.9537e+00	1.9537e+00	1.9551e+00
4.0432e+02	1.9236e+00	1.9236e+00	1.9250e+00
4.0745e+02	1.8932e+00	1.8933e+00	1.8947e+00
4.1061e+02	1.8643e+00	1.8644e+00	1.8657e+00
4.1378e+02	1.8363e+00	1.8364e+00	1.8376e+00
4.1699e+02	1.8090e+00	1.8090e+00	1.8103e+00
4.2022e+02	1.7810e+00	1.7811e+00	1.7824e+00
4.2347e+02	1.7534e+00	1.7535e+00	1.7547e+00
4.2675e+02	1.7261e+00	1.7261e+00	1.7272e+00
4.3005e+02	1.7001e+00	1.7000e+00	1.7012e+00
4.3338e+02	1.6743e+00	1.6743e+00	1.6754e+00
4.3674e+02	1.6486e+00	1.6488e+00	1.6497e+00
4.4012e+02	1.6227e+00	1.6228e+00	1.6238e+00
4.4352e+02	1.5981e+00	1.5981e+00	1.5991e+00
4.4696e+02	1.5743e+00	1.5743e+00	1.5752e+00
4.5042e+02	1.5495e+00	1.5494e+00	1.5503e+00
4.5391e+02	1.5252e+00	1.5251e+00	1.5260e+00
4.5742e+02	1.5014e+00	1.5014e+00	1.5022e+00
4.6096e+02	1.4789e+00	1.4789e+00	1.4798e+00
4.6453e+02	1.4561e+00	1.4560e+00	1.4569e+00
4.6813e+02	1.4332e+00	1.4331e+00	1.4339e+00
4.7175e+02	1.4116e+00	1.4116e+00	1.4124e+00
4.7540e+02	1.3901e+00	1.3901e+00	1.3908e+00
4.7908e+02	1.3686e+00	1.3686e+00	1.3693e+00
4.8279e+02	1.3477e+00	1.3477e+00	1.3485e+00
4.8653e+02	1.3270e+00	1.3270e+00	1.3277e+00
4.9029e+02	1.3064e+00	1.3064e+00	1.3071e+00
4.9409e+02	1.2862e+00	1.2862e+00	1.2869e+00
4.9792e+02	1.2666e+00	1.2666e+00	1.2672e+00
5.0177e+02	1.2474e+00	1.2474e+00	1.2480e+00
5.0565e+02	1.2284e+00	1.2284e+00	1.2289e+00
5.0957e+02	1.2096e+00	1.2097e+00	1.2102e+00
5.1351e+02	1.1910e+00	1.1911e+00	1.1916e+00
5.1749e+02	1.1728e+00	1.1727e+00	1.1733e+00
5.2150e+02	1.1549e+00	1.1548e+00	1.1553e+00
5.2553e+02	1.1371e+00	1.1371e+00	1.1376e+00
5.2960e+02	1.1198e+00	1.1198e+00	1.1202e+00
5.3370e+02	1.1026e+00	1.1027e+00	1.1031e+00
5.3783e+02	1.0856e+00	1.0857e+00	1.0861e+00
5.4200e+02	1.0690e+00	1.0691e+00	1.0696e+00
5.4619e+02	1.0527e+00	1.0527e+00	1.0532e+00
5.5042e+02	1.0366e+00	1.0364e+00	1.0369e+00
5.5468e+02	1.0207e+00	1.0206e+00	1.0211e+00
5.5898e+02	1.0051e+00	1.0051e+00	1.0055e+00
5.6330e+02	9.8969e-01	9.8965e-01	9.9004e-01
5.6767e+02	9.7452e-01	9.7461e-01	9.7492e-01
5.7206e+02	9.5962e-01	9.5972e-01	9.5998e-01
5.7649e+02	9.4490e-01	9.4493e-01	9.4520e-01
5.8095e+02	9.3052e-01	9.3037e-01	9.3079e-01
5.8545e+02	9.1591e-01	9.1581e-01	9.1624e-01
5.8998e+02	9.0146e-01	9.0148e-01	9.0185e-01
5.9455e+02	8.8777e-01	8.8791e-01	8.8819e-01
5.9915e+02	8.7431e-01	8.7436e-01	8.7461e-01
6.0379e+02	8.6091e-01	8.6085e-01	8.6110e-01
6.0846e+02	8.4751e-01	8.4758e-01	8.4782e-01
6.1318e+02	8.3466e-01	8.3462e-01	8.3493e-01
6.1792e+02	8.2194e-01	8.2181e-01	8.2218e-01
6.2271e+02	8.0923e-01	8.0923e-01	8.0958e-01
6.2753e+02	7.9694e-01	7.9694e-01	7.9725e-01
6.3238e+02	7.8478e-01	7.8475e-01	7.8501e-01
6.3728e+02	7.7274e-01	7.7270e-01	7.7292e-01
6.4221e+02	7.6097e-01	7.6091e-01	7.6119e-01
6.4719e+02	7.4930e-01	7.4926e-01	7.4957e-01
6.5220e+02	7.3776e-01	7.3784e-01	7.3803e-01
6.5725e+02	7.2651e-01	7.2659e-01	7.2673e-01
6.6233e+02	7.1535e-01	7.1541e-01	7.1555e-01
6.6746e+02	7.0431e-01	7.0435e-01	7.0456e-01
6.7263e+02	6.9367e-01	6.9369e-01	6.9380e-01
6.7784e+02	6.8310e-01	6.8310e-01	6.8316e-01
6.8308e+02	6.7255e-01	6.7253e-01	6.7270e-01
6.8837e+02	6.6229e-01	6.6226e-01	6.6245e-01
6.9370e+02	6.5212e-01	6.5212e-01	6.5228e-01
6.9907e+02	6.4205e-01	6.4217e-01	6.4226e-01
7.0448e+02	6.3227e-01	6.3239e-01	6.3248e-01
7.0994e+02	6.2264e-01	6.2268e-01	6.2281e-01
7.1543e+02	6.1319e-01	6.1307e-01	6.1330e-01
7.2097e+02	6.0377e-01	6.0375e-01	6.0386e-01
7.2655e+02	5.9446e-01	5.9451e-01	5.9456e-01
7.3218e+02	5.8533e-01	5.8536e-01	5.8551e-01
7.3785e+02	5.7649e-01	5.7650e-01	5.7658e-01
7.4356e+02	5.6768e-01	5.6767e-01	5.6771e-01
7.4931e+02	5.5885e-01	5.5884e-01	5.5897e-01
7.5512e+02	5.5033e-01	5.5043e-01	5.5052e-01
7.6096e+02	5.4193e-01	5.4205e-01	5.4211e-01
7.6685e+02	5.3372e-01	5.3366e-01	5.3371e-01
7.7279e+02	5.2558e-01	5.2549e-01	5.2553e-01
7.7877e+02	5.1753e-01	5.1743e-01	5.1750e-01
7.8480e+02	5.0962e-01	5.0949e-01	5.0966e-01
7.9088e+02	5.0172e-01	5.0172e-01	5.0188e-01
7.9700e+02	4.9401e-01	4.9402e-01	4.9417e-01
8.0317e+02	4.8654e-01	4.8639e-01	4.8656e-01
8.0939e+02	4.7909e-01	4.7905e-01	4.7917e-01
8.1565e+02	4.7169e-01	4.7172e-01	4.7182e-01
8.2197e+02	4.6436e-01	4.6439e-01	4.6450e-01
8.2833e+02	4.5712e-01	4.5713e-01	4.5723e-01
8.3474e+02	4.5005e-01	4.5003e-01	4.5012e-01
8.4121e+02	4.4316e-01	4.4314e-01	4.4319e-01
8.4772e+02	4.3644e-01	4.3641e-01	4.3643e-01
8.5428e+02	4.2974e-01	4.2976e-01	4.2977e-01
8.6089e+02	4.2306e-01	4.2322e-01	4.2320e-01
8.6756e+02	4.1669e-01	4.1670e-01	4.1679e-01
8.7428e+02	4.1036e-01	4.1028e-01	4.1041e-01
8.8104e+02	4.0405e-01	4.0395e-01	4.0406e-01
8.8786e+02	3.9788e-01	3.9791e-01	3.9789e-01
8.9474e+02	3.9181e-01	3.9183e-01	3.9180e-01
9.0167e+02	3.8585e-01	3.8572e-01	3.8580e-01
9.0865e+02	3.7990e-01	3.7990e-01	3.7990e-01
9.1568e+02	3.7405e-01	3.7411e-01	3.7409e-01
9.2277e+02	3.6828e-01	3.6833e-01	3.6838e-01
9.2991e+02	3.6266e-01	3.6271e-01	3.6276e-01
9.3711e+02	3.5711e-01	3.5715e-01	3.5721e-01
9.4437e+02	3.5162e-01	3.5164e-01	3.5171e-01
9.5168e+02	3.4629e-01	3.4630e-01	3.4633e-01
9.5904e+02	3.4097e-01	3.4097e-01	3.4104e-01
9.6647e+02	3.3566e-01	3.3565e-01	3.3582e-01
9.7395e+02	3.3060e-01	3.3058e-01	3.3065e-01
9.8149e+02	3.2559e-01	3.2556e-01	3.2561e-01
9.8909e+02	3.2060e-01	3.2056e-01	3.2067e-01
9.9675e+02	3.1571e-01	3.1566e-01	3.1567e-01
1.0045e+03	3.1164e-01	3.1159e-01	3.1151e-01
1.0122e+03	3.0817e-01	3.0810e-01	3.0798e-01
1.0201e+03	3.0466e-01	3.0459e-01	3.0441e-01
1.0280e+03	3.0114e-01	3.0106e-01	3.0082e-01
1.0359e+03	2.9758e-01	2.9750e-01	2.9720e-01
1.0440e+03	2.9400e-01	2.9390e-01	2.9355e-01
1.0520e+03	2.9038e-01	2.9028e-01	2.8987e-01
1.0602e+03	2.8674e-01	2.8664e-01	2.8617e-01
1.0684e+03	2.8308e-01	2.8296e-01	2.8244e-01
1.0767e+03	2.7938e-01	2.7926e-01	2.7867e-01
1.0850e+03	2.7566e-01	2.7553e-01	2.7488e-01
1.0934e+03	2.7190e-01	2.7177e-01	2.7106e-01
1.1019e+03	2.6812e-01	2.6798e-01	2.6721e-01
1.1104e+03	2.6431e-01	2.6416e-01	2.6333e-01
1.1190e+03	2.6047e-01	2.6031e-01	2.5942e-01
1.1276e+03	2.5659e-01	2.5643e-01	2.5548e-01
1.1364e+03	2.5269e-01	2.5252e-01	2.5151e-01
1.1452e+03	2.4876e-01	2.4858e-01	2.4751e-01
1.1540e+03	2.4480e-01	2.4461e-01	2.4348e-01
1.1630e+03	2.4081e-01	2.4061e-01	2.3941e-01
1.1720e+03	2.3678e-01	2.3658e-01	2.3532e-01
1.1810e+03	2.3273e-01	2.3251e-01	2.3119e-01
1.1902e+03	2.2864e-01	2.2842e-01	2.2703e-01
1.1994e+03	2.2453e-01	2.2429e-01	2.2284e-01
1.2087e+03	2.2038e-01	2.2014e-01	2.1862e-01
1.2180e+03	2.1619e-01	2.1595e-01	2.1436e-01
1.2275e+03	2.1198e-01	2.1172e-01	2.1007e-01
1.2370e+03	2.0773e-01	2.0747e-01	2.0575e-01
1.2466e+03	2.0345e-01	2.0318e-01	2.0139e-01
1.2562e+03	1.9914e-01	1.9886e-01	1.9700e-01
1.2659e+03	1.9636e-01	1.9607e-01	1.9418e-01
1.2757e+03	1.9416e-01	1.9387e-01	1.9197e-01
1.2856e+03	1.9195e-01	1.9166e-01	1.8974e-01
1.2956e+03	1.8972e-01	1.8943e-01	1.8750e-01
1.3056e+03	1.8747e-01	1.8718e-01	1.8524e-01
1.3157e+03	1.8521e-01	1.8491e-01	1.8296e-01
1.3259e+03	1.8293e-01	1.8263e-01	1.8066e-01
1.3361e+03	1.8063e-01	1.8033e-01	1.7834e-01
1.3465e+03	1.7831e-01	1.7801e-01	1.7601e-01
1.3569e+03	1.7597e-01	1.7567e-01	1.7366e-01
1.3674e+03	1.7362e-01	1.7332e-01	1.7129e-01
1.3780e+03	1.7125e-01	1.7095e-01	1.6890e-01
1.3887e+03	1.6886e-01	1.6855e-01	1.6650e-01
1.3994e+03	1.6645e-01	1.6614e-01	1.6407e-01
1.4103e+03	1.6402e-01	1.6372e-01	1.6163e-01
1.4212e+03	1.6158e-01	1.6127e-01	1.5916e-01
1.4322e+03	1.5911e-01	1.5880e-01	1.5668e-01
1.4433e+03	1.5663e-01	1.5632e-01	1.5418e-01
1.4544e+03	1.5413e-01	1.5381e-01	1.5166e-01
1.4657e+03	1.5161e-01	1.5129e-01	1.4912e-01
1.4770e+03	1.4906e-01	1.4874e-01	1.4656e-01
1.4885e+03	1.4650e-01	1.4618e-01	1.4398e-01
1.5000e+03	1.4392e-01	1.4360e-01	1.4138e-01
1.5116e+03	1.4132e-01	1.4099e-01	1.3876e-01
1.5233e+03	1.3870e-01	1.3837e-01	1.3612e-01
1.5351e+03	1.3606e-01	1.3573e-01	1.3346e-01
1.5470e+03	1.3339e-01	1.3306e-01	1.3078e-01
1.5590e+03	1.3071e-01	1.3038e-01	1.2808e-01
1.5710e+03	1.2801e-01	1.2767e-01	1.2536e-01
1.5832e+03	1.2528e-01	1.2495e-01	1.2262e-01
1.5955e+03	1.2372e-01	1.2338e-01	1.2105e-01
1.6078e+03	1.2233e-01	1.2200e-01	1.1967e-01
1.6203e+03	1.2093e-01	1.2060e-01	1.1828e-01
1.6328e+03	1.1953e-01	1.1919e-01	1.1688e-01
1.6454e+03	1.1811e-01	1.1777e-01	1.1546e-01
1.6582e+03	1.1668e-01	1.1634e-01	1.1404e-01
1.6710e+03	1.1523e-01	1.1490e-01	1.1260e-01
1.6840e+03	1.1378e-01	1.1345e-01	1.1116e-01
1.6970e+03	1.1232e-01	1.1199e-01	1.0970e-01
1.7101e+03	1.1084e-01	1.1051e-01	1.0823e-01
1.7234e+03	1.0936e-01	1.0903e-01	1.0675e-01
1.7367e+03	1.0786e-01	1.0753e-01	1.0525e-01
1.7502e+03	1.0635e-01	1.0602e-01	1.0375e-01
1.7637e+03	1.0483e-01	1.0450e-01	1.0223e-01
1.7774e+03	1.0329e-01	1.0297e-01	1.0071e-01
1.7911e+03	1.0175e-01	1.0142e-01	9.9167e-02
1.8050e+03	1.0019e-01	9.9866e-02	9.7616e-02
1.8190e+03	9.8621e-02	9.8298e-02	9.6053e-02
1.8330e+03	9.7040e-02	9.6717e-02	9.4478e-02
1.8472e+03	9.5447e-02	9.5124e-02	9.2890e-02
1.8615e+03	9.3841e-02	9.3519e-02	9.1291e-02
1.8759e+03	9.2222e-02	9.1902e-02	8.9679e-02
1.8905e+03	9.0592e-02	9.0272e-02	8.8054e-02
1.9051e+03	8.8948e-02	8.8629e-02	8.6417e-02
1.9199e+03	8.7292e-02	8.6974e-02	8.4767e-02
1.9347e+03	8.5623e-02	8.5306e-02	8.3104e-02
1.9497e+03	8.3941e-02	8.3625e-02	8.1429e-02
1.9648e+03	8.2246e-02	8.1931e-02	7.9740e-02
1.9800e+03	8.0538e-02	8.0224e-02	7.8039e-02
1.9953e+03	7.8821e-02	7.8507e-02	7.6328e-02
2.0108e+03	7.7951e-02	7.7639e-02	7.5471e-02
2.0263e+03	7.7075e-02	7.6765e-02	7.4607e-02
2.0420e+03	7.6192e-02	7.5883e-02	7.3737e-02
2.0578e+03	7.5302e-02	7.4995e-02	7.2860e-02
2.0738e+03	7.4405e-02	7.4100e-02	7.1976e-02
2.0898e+03	7.3501e-02	7.3198e-02	7.1085e-02
2.1060e+03	7.2591e-02	7.2289e-02	7.0188e-02
2.1223e+03	7.1673e-02	7.1373e-02	6.9283e-02
2.1387e+03	7.0748e-02	7.0450e-02	6.8372e-02
2.1553e+03	6.9816e-02	6.9519e-02	6.7453e-02
2.1720e+03	6.8877e-02	6.8582e-02	6.6527e-02
2.1888e+03	6.7930e-02	6.7637e-02	6.5595e-02
2.2057e+03	6.6977e-02	6.6685e-02	6.4654e-02
2.2228e+03	6.6015e-02	6.5725e-02	6.3707e-02
2.2400e+03	6.5047e-02	6.4759e-02	6.2752e-02
2.2574e+03	6.4071e-02	6.3784e-02	6.1790e-02
2.2748e+03	6.3087e-02	6.2802e-02	6.0821e-02
2.2925e+03	6.2096e-02	6.1813e-02	5.9844e-02
2.3102e+03	6.1097e-02	6.0816e-02	5.8859e-02
2.3281e+03	6.0090e-02	5.9811e-02	5.7867e-02
2.3461e+03	5.9075e-02	5.8798e-02	5.6867e-02
2.3643e+03	5.8053e-02	5.7777e-02	5.5859e-02
2.3826e+03	5.7023e-02	5.6749e-02	5.4844e-02
2.4010e+03	5.5984e-02	5.5713e-02	5.3820e-02
2.4196e+03	5.4938e-02	5.4668e-02	5.2789e-02
2.4383e+03	5.3884e-02	5.3616e-02	5.1750e-02
2.4572e+03	5.2821e-02	5.2555e-02	5.0703e-02
2.4762e+03	5.1750e-02	5.1486e-02	4.9647e-02
2.4954e+03	5.0671e-02	5.0409e-02	4.8584e-02
2.5147e+03	4.9663e-02	4.9403e-02	4.7591e-02
2.5342e+03	4.9114e-02	4.8856e-02	4.7056e-02
2.5538e+03	4.8561e-02	4.8304e-02	4.6516e-02
2.5736e+03	4.8003e-02	4.7748e-02	4.5972e-02
2.5935e+03	4.7441e-02	4.7187e-02	4.5423e-02
2.6136e+03	4.6874e-02	4.6622e-02	4.4871e-02
2.6338e+03	4.6303e-02	4.6053e-02	4.4314e-02
2.6542e+03	4.5728e-02	4.5480e-02	4.3753e-02
2.6748e+03	4.5148e-02	4.4902e-02	4.3188e-02
2.6955e+03	4.4564e-02	4.4319e-02	4.2618e-02
2.7163e+03	4.3975e-02	4.3732e-02	4.2044e-02
2.7374e+03	4.3381e-02	4.3141e-02	4.1465e-02
2.7586e+03	4.2784e-02	4.2544e-02	4.0882e-02
2.7799e+03	4.2181e-02	4.1944e-02	4.0294e-02
2.8014e+03	4.1574e-02	4.1338e-02	3.9702e-02
2.8231e+03	4.0962e-02	4.0728e-02	3.9105e-02
2.8450e+03	4.0345e-02	4.0113e-02	3.8504e-02
2.8670e+03	3.9724e-02	3.9494e-02	3.7898e-02
2.8892e+03	3.9097e-02	3.8870e-02	3.7287e-02
2.9116e+03	3.8466e-02	3.8240e-02	3.6671e-02
2.9341e+03	3.7830e-02	3.7606e-02	3.6051e-02
2.9568e+03	3.7189e-02	3.6967e-02	3.5426e-02
2.9797e+03	3.6543e-02	3.6323e-02	3.4796e-02
3.0028e+03	3.5892e-02	3.5675e-02	3.4161e-02
3.0260e+03	3.5236e-02	3.5021e-02	3.3522e-02
3.0494e+03	3.4575e-02	3.4362e-02	3.2877e-02
3.0731e+03	3.3909e-02	3.3698e-02	3.2227e-02
3.0968e+03	3.3238e-02	3.3028e-02	3.1573e-02
3.1208e+03	3.2562e-02	3.2354e-02	3.0913e-02
3.1450e+03	3.1880e-02	3.1674e-02	3.0248e-02
3.1693e+03	3.1292e-02	3.1088e-02	2.9676e-02
3.1939e+03	3.0945e-02	3.0743e-02	2.9341e-02
3.2186e+03	3.0595e-02	3.0395e-02	2.9003e-02
3.2435e+03	3.0243e-02	3.0044e-02	2.8663e-02
3.2686e+03	2.9888e-02	2.9690e-02	2.8321e-02
3.2939e+03	2.9530e-02	2.9334e-02	2.7975e-02
3.3194e+03	2.9169e-02	2.8975e-02	2.7627e-02
3.3451e+03	2.8806e-02	2.8613e-02	2.7276e-02
3.3710e+03	2.8439e-02	2.8248e-02	2.6923e-02
3.3971e+03	2.8070e-02	2.7881e-02	2.6567e-02
3.4234e+03	2.7698e-02	2.7510e-02	2.6208e-02
3.4499e+03	2.7323e-02	2.7137e-02	2.5846e-02
3.4766e+03	2.6946e-02	2.6761e-02	2.5481e-02
3.5035e+03	2.6565e-02	2.6382e-02	2.5114e-02
3.5307e+03	2.6181e-02	2.6000e-02	2.4744e-02
3.5580e+03	2.5795e-02	2.5615e-02	2.4371e-02
3.5855e+03	2.5405e-02	2.5227e-02	2.3995e-02
3.6133e+03	2.5012e-02	2.4836e-02	2.3616e-02
3.6413e+03	2.4617e-02	2.4442e-02	2.3234e-02
3.6695e+03	2.4218e-02	2.4045e-02	2.2849e-02
3.6979e+03	2.3816e-02	2.3645e-02	2.2461e-02
3.7265e+03	2.3411e-02	2.3242e-02	2.2071e-02
3.7553e+03	2.3003e-02	2.2836e-02	2.1677e-02
3.7844e+03	2.2592e-02	2.2426e-02	2.1280e-02
3.8137e+03	2.2178e-02	2.2014e-02	2.0880e-02
3.8432e+03	2.1760e-02	2.1598e-02	2.0477e-02
3.8730e+03	2.1339e-02	2.1179e-02	2.0071e-02
3.9030e+03	2.0915e-02	2.0757e-02	1.9662e-02
3.9332e+03	2.0488e-02	2.0331e-02	1.9249e-02
3.9636e+03	2.0057e-02	1.9902e-02	1.8834e-02
3.9943e+03	1.9716e-02	1.9563e-02	1.8506e-02
4.0252e+03	1.9497e-02	1.9345e-02	1.8297e-02
4.0564e+03	1.9276e-02	1.9126e-02	1.8086e-02
4.0878e+03	1.9054e-02	1.8904e-02	1.7873e-02
4.1195e+03	1.8829e-02	1.8681e-02	1.7659e-02
4.1514e+03	1.8603e-02	1.8456e-02	1.7443e-02
4.1835e+03	1.8375e-02	1.8230e-02	1.7225e-02
4.2159e+03	1.8146e-02	1.8001e-02	1.7006e-02
4.2485e+03	1.7914e-02	1.7771e-02	1.6785e-02
4.2814e+03	1.7681e-02	1.7539e-02	1.6562e-02
4.3146e+03	1.7446e-02	1.7306e-02	1.6338e-02
4.3480e+03	1.7209e-02	1.7070e-02	1.6112e-02
4.3816e+03	1.6970e-02	1.6833e-02	1.5884e-02
4.4155e+03	1.6730e-02	1.6594e-02	1.5654e-02
4.4497e+03	1.6488e-02	1.6353e-02	1.5422e-02
4.4842e+03	1.6243e-02	1.6110e-02	1.5189e-02
4.5189e+03	1.5997e-02	1.5865e-02	1.4954e-02
4.5539e+03	1.5749e-02	1.5618e-02	1.4717e-02
4.5891e+03	1.5499e-02	1.5370e-02	1.4478e-02
4.6246e+03	1.5247e-02	1.5119e-02	1.4238e-02
4.6604e+03	1.4993e-02	1.4867e-02	1.3995e-02
4.6965e+03	1.4738e-02	1.4612e-02	1.3751e-02
4.7329e+03	1.4480e-02	1.4356e-02	1.3505e-02
4.7695e+03	1.4220e-02	1.4098e-02	1.3257e-02
4.8065e+03	1.3958e-02	1.3837e-02	1.3007e-02
4.8437e+03	1.3694e-02	1.3575e-02	1.2755e-02
4.8812e+03	1.3429e-02	1.3311e-02	1.2501e-02
4.9189e+03	1.3161e-02	1.3044e-02	1.2245e-02
4.9570e+03	1.2891e-02	1.2776e-02	1.1987e-02
4.9954e+03	1.2619e-02	1.2505e-02	1.1727e-02
5.0341e+03	1.2423e-02	1.2311e-02	1.1541e-02
5.0731e+03	1.2284e-02	1.2173e-02	1.1410e-02
5.1123e+03	1.2145e-02	1.2034e-02	1.1278e-02
5.1519e+03	1.2004e-02	1.1895e-02	1.1145e-02
5.1918e+03	1.1862e-02	1.1754e-02	1.1012e-02
5.2320e+03	1.1719e-02	1.1612e-02	1.0876e-02
5.2725e+03	1.1576e-02	1.1469e-02	1.0740e-02
5.3133e+03	1.1430e-02	1.1325e-02	1.0603e-02
5.3544e+03	1.1284e-02	1.1180e-02	1.0465e-02
5.3959e+03	1.1137e-02	1.1034e-02	1.0326e-02
5.4377e+03	1.0988e-02	1.0886e-02	1.0186e-02
5.4798e+03	1.0839e-02	1.0738e-02	1.0044e-02
5.5222e+03	1.0688e-02	1.0588e-02	9.9016e-03
5.5649e+03	1.0536e-02	1.0437e-02	9.7580e-03
5.6080e+03	1.0383e-02	1.0285e-02	9.6133e-03
5.6514e+03	1.0229e-02	1.0132e-02	9.4674e-03
5.6952e+03	1.0073e-02	9.9771e-03	9.3204e-03
5.7393e+03	9.9165e-03	9.8215e-03	9.1723e-03
5.7837e+03	9.7586e-03	9.6647e-03	9.0231e-03
5.8285e+03	9.5994e-03	9.5066e-03	8.8726e-03
5.8736e+03	9.4390e-03	9.3474e-03	8.7211e-03
5.9191e+03	9.2774e-03	9.1869e-03	8.5683e-03
5.9649e+03	9.1146e-03	9.0251e-03	8.4144e-03
6.0111e+03	8.9504e-03	8.8621e-03	8.2592e-03
6.0576e+03	8.7850e-03	8.6979e-03	8.1029e-03
6.1045e+03	8.6184e-03	8.5323e-03	7.9454e-03
6.1518e+03	8.4504e-03	8.3655e-03	7.7866e-03
6.1994e+03	8.2811e-03	8.1974e-03	7.6266e-03
6.2474e+03	8.1106e-03	8.0280e-03	7.4654e-03
6.2957e+03	7.9387e-03	7.8573e-03	7.3029e-03
6.3445e+03	7.8273e-03	7.7468e-03	7.1983e-03
6.3936e+03	7.7398e-03	7.6600e-03	7.1164e-03
6.4431e+03	7.6516e-03	7.5725e-03	7.0339e-03
6.4930e+03	7.5628e-03	7.4844e-03	6.9508e-03
6.5432e+03	7.4732e-03	7.3955e-03	6.8670e-03
6.5939e+03	7.3829e-03	7.3060e-03	6.7826e-03
6.6449e+03	7.2920e-03	7.2158e-03	6.6975e-03
6.6964e+03	7.2003e-03	7.1249e-03	6.6118e-03
6.7482e+03	7.1080e-03	7.0333e-03	6.5253e-03
6.8005e+03	7.0149e-03	6.9410e-03	6.4383e-03
6.8531e+03	6.9211e-03	6.8479e-03	6.3505e-03
6.9062e+03	6.8266e-03	6.7542e-03	6.2621e-03
6.9596e+03	6.7313e-03	6.6597e-03	6.1730e-03
7.0135e+03	6.6353e-03	6.5645e-03	6.0832e-03
7.0678e+03	6.5386e-03	6.4685e-03	5.9927e-03
7.1225e+03	6.4411e-03	6.3719e-03	5.9015e-03
7.1777e+03	6.3429e-03	6.2744e-03	5.8096e-03
7.2332e+03	6.2439e-03	6.1762e-03	5.7170e-03
7.2892e+03	6.1441e-03	6.0773e-03	5.6236e-03
7.3457e+03	6.0436e-03	5.9775e-03	5.5296e-03
7.4025e+03	5.9423e-03	5.8770e-03	5.4348e-03
7.4598e+03	5.8402e-03	5.7758e-03	5.3393e-03
7.5176e+03	5.7373e-03	5.6737e-03	5.2430e-03
7.5758e+03	5.6336e-03	5.5709e-03	5.1460e-03
7.6344e+03	5.5291e-03	5.4672e-03	5.0483e-03
7.6935e+03	5.4238e-03	5.3628e-03	4.9497e-03
7.7531e+03	5.3177e-03	5.2575e-03	4.8505e-03
7.8131e+03	5.2107e-03	5.1515e-03	4.7504e-03
7.8736e+03	5.1030e-03	5.0446e-03	4.6496e-03
7.9346e+03	4.9944e-03	4.9369e-03	4.5480e-03
7.9960e+03	4.9318e-03	4.8748e-03	4.4899e-03
8.0579e+03	4.8765e-03	4.8201e-03	4.4387e-03
8.1203e+03	4.8208e-03	4.7649e-03	4.3871e-03
8.1831e+03	4.7646e-03	4.7093e-03	4.3351e-03
8.2465e+03	4.7080e-03	4.6532e-03	4.2827e-03
8.3103e+03	4.6510e-03	4.5967e-03	4.2299e-03
8.3747e+03	4.5936e-03	4.5398e-03	4.1767e-03
8.4395e+03	4.5357e-03	4.4824e-03	4.1231e-03
8.5048e+03	4.4773e-03	4.4246e-03	4.0691e-03
8.5707e+03	4.4185e-03	4.3664e-03	4.0146e-03
8.6370e+03	4.3593e-03	4.3077e-03	3.9597e-03
8.7039e+03	4.2995e-03	4.2485e-03	3.9044e-03
8.7713e+03	4.2394e-03	4.1889e-03	3.8487e-03
8.8392e+03	4.1787e-03	4.1288e-03	3.7926e-03
8.9076e+03	4.1176e-03	4.0683e-03	3.7360e-03
8.9766e+03	4.0560e-03	4.0073e-03	3.6789e-03
9.0461e+03	3.9939e-03	3.9458e-03	3.6215e-03
9.1161e+03	3.9314e-03	3.8839e-03	3.5635e-03
9.1867e+03	3.8684e-03	3.8214e-03	3.5052e-03
9.2578e+03	3.8049e-03	3.7585e-03	3.4464e-03
9.3295e+03	3.7408e-03	3.6951e-03	3.3871e-03
9.4017e+03	3.6763e-03	3.6312e-03	3.3274e-03
9.4745e+03	3.6113e-03	3.5668e-03	3.2672e-03
9.5478e+03	3.5458e-03	3.5019e-03	3.2065e-03
9.6217e+03	3.4798e-03	3.4365e-03	3.1454e-03
9.6962e+03	3.4133e-03	3.3706e-03	3.0838e-03
9.7713e+03	3.3463e-03	3.3042e-03	3.0217e-03
9.8469e+03	3.2787e-03	3.2373e-03	2.9591e-03
9.9232e+03	3.2106e-03	3.1698e-03	2.8961e-03
1.0000e+04	3.1420e-03	3.1019e-03	2.8325e-03
